HCIP	E6AP I exp1	E6AP I exp2	E6AP I C820A exp1	E6AP I C820A exp2	E6AP II exp1	E6AP II exp2	E6AP II C843A exp1	E6AP II C843A exp2	E6AP III exp1	E6AP III exp2	E6AP III C840A exp1	E6AP III C840A exp2	NEDD4 exp1	NEDD4 exp2	NEDD4 C867A exp1	NEDD4 C867A exp2	Average NWD scores (E6AP)	Average NWD scores (NEDD4)	Detected in (X) E6AP Pulldowns	Detected in (%) E6AP Pulldowns
CCT4	3.54	0.34	3.54	0.34	5.2	5.2	3.62	5.02	5.02	6.19	3.54	3.58	3.72	0	0.36	0	3.76	1.02	12.00	100.00
ECH1	5.99	8.14	7.35	4.96	8.02	6.23	11.28	10.75	8.52	5.56	7.35	5.56	0	0	0	0	7.48	0.00	12.00	100.00
ECI2	4.37	3.95	3.95	3.54	5.16	5.72	6.64	6.02	6.02	4.42	4.38	4.42	0	0	0	0	4.88	0.00	12.00	100.00
EIF3C	6.12	5	8.66	3.54	6.37	5.2	10.86	10.05	7.1	0.77	9.36	6.19	0	0	0	0	6.60	0.00	12.00	100.00
HERC2	9.77	9.51	9.91	9.67	9.02	8.97	12.04	10.85	10.13	9.65	9.32	9.72	0	0	0	0	9.88	0.00	12.00	100.00
HIF1AN	2.5	1.77	4.96	3.06	2.6	3.18	5.07	3.55	3.55	2.53	5.5	6.56	0	0	0	0	3.74	0.00	12.00	100.00
HIST1H1E	5	6.12	5	0.34	7.35	7.35	8.09	6.15	5.02	6.19	6.13	5.06	5.26	5.33	7.35	0.51	5.65	4.61	12.00	100.00HSPA1A	15	14.14	16.59	13.23	20.14	17.23	18.8	21.02	19.44	19.59	20.63	18.92	25.24	23.23	25.72	24.6	17.89	24.70	12.00	100.00
MAPK6	1.77	2.5	0.48	1.77	1.84	0.44	5.12	4.35	1.77	2.53	1.77	2.53	0	0	0	0	2.24	0.00	12.00	100.00
MTAP	1.25	1.53	0.88	0.24	2.06	1.59	2.87	2.82	1.77	0.89	1.25	1.26	0	0	0	0	1.53	0.00	12.00	100.00
NEURL4	4.41	5	5.4	4.08	5.05	5.05	7.34	7.11	5.67	5.84	5.28	5.2	0	0	0	0	5.45	0.00	12.00	100.00
PIPSL	16.2	15.41	16.96	13.23	5.2	5.2	7.24	7.94	8.69	8.76	9.36	8.76	0	0	0	0	10.25	0.00	12.00	100.00
PSMA1	4.49	3.89	5.37	2.77	1.5	1.37	2.84	2.53	4.32	2.81	3.68	2.54	0	0	0	0	3.18	0.00	12.00	100.00
PSMA2	6.08	5.83	6.08	4.19	3.67	4.01	4.29	4.21	5.08	4.24	5.34	4.24	0	0	0	0	4.77	0.00	12.00	100.00
PSMA3	3.22	4.96	3.77	1.58	1.47	2.02	2.66	2.94	3.23	2.31	2.6	2.31	0	0	0	0	2.76	0.00	12.00	100.00
PSMA4	4.37	6.92	6.92	3.54	3.18	3.67	4.05	4.98	6.02	4	3.96	4.42	0	0	0	0	4.67	0.00	12.00	100.00
PSMA5	2.19	2.43	2.31	1.43	0.91	0.57	1.47	1.16	1.44	1.17	1.43	1.3	0	0	0	0	1.48	0.00	12.00	100.00
PSMA6	3.47	3.3	4.22	2.44	1.13	0.92	1.48	1.87	2.06	2.08	2.05	1.88	0	0	0	0	2.24	0.00	12.00	100.00
PSMA7	4.55	4.34	4.34	3.66	1.09	0.82	2.46	2.41	2.94	2.57	2.93	2.57	0.11	0	0	0	2.89	0.03	12.00	100.00
PSMB1	4.26	5.6	4.52	3.49	4.19	3.35	4.36	3.51	4.54	4.57	4.03	3.26	0	0	0	0	4.14	0.00	12.00	100.00
PSMB2	2.93	4.03	4.03	2.28	1.64	1.47	3	2.94	3.79	2.63	2.6	2.63	0	0	0	0	2.83	0.00	12.00	100.00
PSMB3	6.61	7.44	8.33	6.1	2.76	3.04	4.09	3.74	4.68	3.52	4.89	4.04	0	0	0	0	4.94	0.00	12.00	100.00
PSMB4	18.03	20.31	20.62	16.2	12.2	14.23	16.18	15.07	17.02	14.3	14.15	14.3	0	0	0	0	16.05	0.00	12.00	100.00
PSMB5	5.35	6.2	6.08	4.15	2.61	2.44	3.68	3.61	4.28	3.63	3.6	3.34	0	0	0	0	4.08	0.00	12.00	100.00
PSMB6	4.03	4.52	4.75	3.49	1.04	1.47	3	1.95	2.61	1.96	2.6	1.6	0	0	0	0	2.75	0.00	12.00	100.00
PSMB7	15.41	15	13.69	11.18	9.01	7.35	12	11.23	11.22	10.73	11.19	10.11	0	0	0	0	11.51	0.00	12.00	100.00
PSMC1	2.46	2.56	2.58	2.32	1.22	1.33	1.74	1.64	1.89	1.82	2.08	1.97	0	0	0	0	1.97	0.00	12.00	100.00
PSMC2	2.01	2.43	2.3	1.84	1.16	1.2	1.68	1.55	1.81	1.77	1.8	1.72	0	0	0	0	1.77	0.00	12.00	100.00
PSMC3	2.62	2.7	2.76	2.3	1.42	1.45	2.05	1.92	2.21	1.99	2.2	1.99	0	0	0	0	2.13	0.00	12.00	100.00
PSMC4	1.97	1.91	2.16	1.6	1.07	0.92	1.48	1.45	1.71	1.58	1.56	1.58	0	0	0	0	1.58	0.00	12.00	100.00
PSMC5	2.47	2.64	2.68	2.21	0.97	1.21	1.91	1.56	2.09	2.01	2.06	1.96	0	0	0	0	1.98	0.00	12.00	100.00
PSMC6	1.63	1.85	1.71	1.43	0.81	0.92	1.39	1.17	1.46	1.24	1.44	1.42	0	0	0	0	1.37	0.00	12.00	100.00
PSMD1	5.07	5.11	5.45	4.58	2.45	2.45	3.38	3.07	3.62	3.26	3.73	3.46	0.14	0	0	0	3.80	0.04	12.00	100.00
PSMD11	3.79	3.73	3.87	3.2	1.85	2	2.7	2.52	3.3	2.67	3.11	3.11	0	0	0	0	2.99	0.00	12.00	100.00
PSMD12	3.77	3.59	3.84	3.35	1.77	1.77	2.63	2.27	3	2.55	3.05	2.78	0.14	0	0	0	2.86	0.04	12.00	100.00
PSMD13	2.72	2.72	2.87	2.31	1.59	1.67	2.18	2.09	2.44	2.25	2.13	2	0	0	0	0	2.25	0.00	12.00	100.00
PSMD14	2.55	2.76	2.95	2.24	1.38	1.38	2.05	1.92	2.25	2.19	2.24	2.26	0	0	0	0	2.18	0.00	12.00	100.00
PSMD2	3.2	3.56	3.39	2.86	1.56	1.69	2.56	2.28	2.67	2.47	2.6	2.53	0	0	0	0	2.61	0.00	12.00	100.00
PSMD3	3.05	3.06	3.05	2.45	1.51	1.62	2.2	2.16	2.63	2.34	2.54	2.48	0	0	0	0	2.42	0.00	12.00	100.00
PSMD4	1.6	1.64	1.84	1.41	0.92	0.92	1.31	1.08	1.19	1.2	1.45	1.14	0	0	0	0	1.31	0.00	12.00	100.00
PSMD6	3.44	3.36	3.2	3.09	1.4	1.64	2.65	2.18	2.9	2.45	2.97	2.72	0	0	0	0	2.67	0.00	12.00	100.00
PSMD7	3.14	3.14	3.32	2.67	1.52	1.52	2.45	2.17	2.4	2.19	2.51	2.26	0	0	0	0	2.44	0.00	12.00	100.00
PSMD8	2.45	2.45	2.55	1.58	1.8	1.47	2.4	2.01	2.24	2.37	2.12	2.02	0	0	0	0	2.12	0.00	12.00	100.00
PSME4	11.18	11.18	11.73	6.12	0.36	0.5	5.12	0.49	3.55	0.49	7.08	3.58	0	0	0	0	5.12	0.00	12.00	100.00
RPL21	5	5	5	0.34	8.22	7.35	5.12	5.02	6.15	0.6	6.13	5.06	3.72	3.77	5.2	6.5	4.92	4.80	12.00	100.00RPL7	5	6.12	5	0.34	6.37	0.79	0.78	3.55	0.49	3.58	3.54	0.35	7.44	0	5.2	5.31	2.99	4.49	12.00	100.00TUBA1B	8.66	8.66	10	6.12	13.76	12.19	14.01	12.81	12.8	12.89	12.76	11.31	11.17	8.42	9.72	9.19	11.33	9.63	12.00	100.00UBB	15.41	16.96	14.58	9.36	12.2	11.62	12	10.66	18.44	19.59	11.19	8.76	7.44	0	6.36	5.31	13.40	4.78	12.00	100.00
UBE3A	59.59	64.23	63.25	56.02	54.04	49.71	67.89	66.84	73.33	75.86	80.3	80.29	6.83	1.88	1.84	2.65	65.95	3.30	12.00	100.00
UCHL5	3.85	4.24	3.85	3.06	1.59	0.25	3	2.18	2.94	2.37	3.54	2.37	0	0	0	0	2.77	0.00	12.00	100.00
ATAD3C	0.24	2.5	2.5	1.77	0	2.6	4.05	3.08	3.55	3.58	3.54	2.53	0	0	0.25	0	2.50	0.06	11.00	91.67
UBE3C	3.78	3.28	4.51	2.91	0.46	0	1.78	1.75	2.37	1.1	1.31	1	0	0	0	0	2.02	0.00	11.00	91.67
USP16	5	5	5	5	0.5	0	8.09	5.02	5.02	5.06	3.54	0.35	0	0	0	0	3.97	0.00	11.00	91.67
ZNF106	2.5	0.24	0.34	0	1.84	0.44	4.05	2.51	2.51	0.35	3.06	0.35	0	0	0	0	1.52	0.00	11.00	91.67
PSMD10	2.12	2.12	2.35	1.58	0	0	1.22	0.17	1.41	1.2	1.59	0.24	0	0	0	0	1.17	0.00	10.00	83.33
CALM1	5	3.54	6.12	5	0	0	5.12	3.55	0.34	0	5	5.06	0	0	0	0	3.23	0.00	9.00	75.00
CCP110	0.34	0	0	0	0.36	0.36	7.24	7.1	3.55	3.58	7.91	0.69	0	0	0	0	2.59	0.00	9.00	75.00
PTPN2	2.5	2.5	3.54	1.77	0	0	1.81	0	2.51	0.24	0.24	0.24	0	0	0	0	1.28	0.00	9.00	75.00
RPL29	0	0.34	0.34	0.34	0.5	0.36	0.35	0.49	0	0	0.34	3.58	0.36	0.36	0.36	0.36	0.55	0.36	9.00	75.00RPL32	0	0.34	3.54	0.34	5.2	5.2	3.62	3.55	0.34	5.06	0	0	3.72	0.36	3.67	0	2.27	1.94	9.00	75.00
SCO2	0.24	1.77	1.77	0	0	0.25	1.81	0	1.77	0.24	1.77	0.24	0	0	0	0	0.82	0.00	9.00	75.00
TXNL1	3.54	3.73	3.73	3.54	0	0	0	1.67	1.67	0.2	2.04	1.69	0	0	0	0	1.82	0.00	9.00	75.00
CEP97	0	0	0.34	0	3.68	0.36	0.61	5.02	0	0.35	5	0.35	0	0	0	0	1.31	0.00	8.00	66.67
MAP7D1	0.17	0	0.17	0	0.25	1.3	2.02	1.54	1.25	0	0	0.24	0	0	0	0	0.58	0.00	8.00	66.67
RPL17	0.15	0.71	0	0	1.47	0.16	1.25	0.15	0	0.15	1	0	1.05	0.16	1.04	0.75	0.42	0.75	8.00	66.67
SUGT1	0	0	0	0	0.16	0.16	1.25	1	1.23	1.01	1.23	1.01	0	0	0	0	0.59	0.00	8.00	66.67
EIF3D	0	0	0.94	0	0.7	0	1.17	1.14	0.21	0.15	0.94	0	0	0	0	0	0.44	0.00	7.00	58.33
EIF4A1	3.54	3.54	0.48	0	0.36	0	5.12	0.49	0.34	0	0	0	0	3.77	0	0	1.16	0.94	7.00	58.33
HIST1H2BK	0.34	0	0	0	3.68	5.2	3.62	3.55	0.34	0	0	0.35	0	0	0	0	1.42	0.00	7.00	58.33
KTN1	0	0	0	0	3.15	3.14	3.51	3.04	0.28	0.28	0	0.38	0	0	0	0	1.15	0.00	7.00	58.33
MTUS1	0	0.27	0	0	0	0	3.13	2.81	0.27	2.25	0.36	2.25	0	0	0	0	0.95	0.00	7.00	58.33
OBSL1	0.34	1.77	1.77	1.77	0	0	0	0	0	0.24	0.24	0.24	0	0	0	0	0.53	0.00	7.00	58.33
PEG10	0	0.34	2.5	0.24	0	0	0.25	0.24	0	0	0.24	1.79	4.6	3.77	5.15	4.64	0.47	4.54	7.00	58.33
RAD23B	1.31	1.51	0.18	0	0	0	0.19	1.01	0.18	0	0.18	0	0	0	0	0	0.38	0.00	7.00	58.33
EIF3E	0	0.14	0.29	0	0	0	1.53	1.09	0.89	0	1.08	0	0	0	0	0	0.42	0.00	6.00	50.00
FTH1	0	0	0	0	0.36	0.36	0.61	5.02	0	0	0.34	0.49	0	0	0	0	0.60	0.00	6.00	50.00
HIST1H2AB	0	0	0	0	0.36	0.36	5.12	0.59	0.34	0.35	0	0	0	0	0	0	0.59	0.00	6.00	50.00
KRT72	0.24	0	1.77	0	0.25	0.25	0	0.24	0	0	0.24	0	0	0.26	0	0.26	0.25	0.13	6.00	50.00
MAP9	0	0.34	3.54	0	0.36	0	5.12	0.34	0	0	0	0.35	0	0	0	0	0.84	0.00	6.00	50.00
GLUD1	0	0	0	0	2.6	2.6	0.43	1.78	0	0	1.77	0	0	0	0.25	0	0.77	0.06	5.00	41.67
LARS	0.14	0	0	0	0.21	1.22	0.85	1.18	0	0	0	0	0.15	0	0.14	0	0.30	0.07	5.00	41.67
POTEF	0	0	0	0	0.5	0	5.12	3.55	0.34	0.35	0	0	0	0	0.36	3.75	0.82	1.03	5.00	41.67
RPS26	0	0	0.34	0	5.2	0.36	5.12	3.55	0	0	0	0	0.36	0	0	0	1.21	0.09	5.00	41.67
RPSA	0	0	0	0	3.68	0	0.49	3.55	3.55	0	0.34	0	0	0	0	0.36	0.97	0.09	5.00	41.67
USP9Y	0	0	0	0	0	0	0.49	0.59	3.55	0	0.34	0.35	0.36	0	6.36	0.36	0.44	1.77	5.00	41.67
ZFAND5	7.07	7.07	7.07	6.12	0	0	0	0	0.34	0	0	0	0	0	0	0	2.31	0.00	5.00	41.67
CEP170	0	0	0	0	3.68	0.36	0.61	0	0	0.35	0	0	0	0	0	0	0.42	0.00	4.00	33.33
DERA	0	0	0	0	5.2	0.5	0.35	0.34	0	0	0	0	0	0	0	0	0.53	0.00	4.00	33.33
RPS4Y1	0	0	0	0	5.2	0.36	3.62	0	0.49	0	0	0	0.36	0	3.67	0	0.81	1.01	4.00	33.33
SLC25A1	0	0	0	0	0	0	0	0	0.84	0.6	1.02	0.14	0	0	0	0	0.22	0.00	4.00	33.33
TANGO6	0	0	0.34	0	0	0	0.35	0	0	0	6.13	3.58	0	0	0	0	0.87	0.00	4.00	33.33
USP14	1.77	0	1.77	0.21	0	0	0	0	0	0	0.21	0	0	0	0	0	0.33	0.00	4.00	33.33
ATXN10	0	0	0	0	0	0	0.19	0	0	0.13	0.51	0	1.06	1.08	1.29	1.2	0.07	1.16	3.00	25.00
BCKDK	0	0	0	0	0	0	0.61	5.02	0	0	0.48	0	0	0	0	0	0.51	0.00	3.00	25.00
BOLA2	0	0	0	0	0.36	3.67	0	0.34	0	0	0	0	0	0	0	0	0.36	0.00	3.00	25.00
CENPF	0	0	0	0	0	0	3.62	0.24	0	0	0.34	0	0	0	0	0	0.35	0.00	3.00	25.00
HLA-B	0	0	0	0	0.21	0	0	0	1.18	0	0.2	0	0.21	0	0	0	0.13	0.05	3.00	25.00
MAPKAPK5	0	0	0	0.34	0	0	5.12	0	0	0	0.48	0	0	0	0	0	0.50	0.00	3.00	25.00
PHB	0	0	0	0	0	0.61	0.14	0	0.14	0	0	0	0.88	0	1.06	0	0.07	0.49	3.00	25.00
ERCC6L2	0	0	0	0	3.68	0.36	0.35	0	0	0	0	0	0	0	0	0	0.37	0.00	3.00	25.00
RAN	0	0	0	0	0	0	0	0.34	0.34	3.58	0	0	0	0	0	0	0.36	0.00	3.00	25.00
SLC25A12	0	0	0	0	0	0	0	0	0	0.28	1.18	0.2	0	0	0	0	0.14	0.00	3.00	25.00
SSSCA1	0	0	0	0	0	0	0	3.55	0.34	0.35	0	0	0	0	0	0	0.35	0.00	3.00	25.00
ANKZF1	3.54	0.34	0	0	0	0	0	0	0	0	0	0	0	0	0	0	0.32	0.00	2.00	16.67
GTF2H1	0	0	0	0	0	0	5.12	0	0	0	0.34	0	0	0	0	0	0.46	0.00	2.00	16.67
HIST1H4A	0	0	0	0	0.36	5.2	0	0	0	0	0	0	0	0	0	0	0.46	0.00	2.00	16.67
KRT36	0	0	0	0	0	0	0	0.15	0	0	0	1.01	0	0	0	0.16	0.10	0.04	2.00	16.67
MID1IP1	0	0	0	0	0.36	0	6.27	0	0	0	0	0	0	0	0	0	0.55	0.00	2.00	16.67
RBM14	0	0	0	0	0	0	5.12	3.55	0	0	0	0	7.44	5.33	8.22	6.5	0.72	6.87	2.00	16.67
TIMP2	0	0	0	0	3.68	0	0	5.02	0	0	0	0	0	0	0	0	0.73	0.00	2.00	16.67
ZFAND6	5	0.34	0	0	0	0	0	0	0	0	0	0	0	0	0	0	0.45	0.00	2.00	16.67
HTRA1	0	0	0	0	0	0	0	0	0	0	3.54	0	0	0	0	0	0.30	0.00	1.00	8.33
KDM2A	0	0	0	0	0	1.84	0	0	0	0	0	0	0	0	0	0	0.15	0.00	1.00	8.33
LAMC1	0	0	0	0	0	0	3.62	0	0	0	0	0	0	0	0	0	0.30	0.00	1.00	8.33
RYR1	0	0	0	0	0	0	0	0	0	3.58	0	0	0	0	0	0	0.30	0.00	1.00	8.33
