geneID_A	geneID_B
3646	8667
9685	10617
8237	84172
1643	10987
7453	79016
270	23710
23710	51479
534	11345
23710	83734
1778	81631
9861	10868
3857	84557
8678	80305
1431	8237
7405	79861
3329	81631
11345	136319
1213	11345
10521	23710
8406	84557
11345	286887
10657	84557
8664	8667
54764	57464
57727	84557
11337	23710
11047	51377
2193	8237
79876	94081
11345	25873
3192	11337
83593	115207
1762	6279
7405	30849
8237	440738
5591	84938
3959	11345
4000	79443
55593	164832
5216	11345
55832	79016
2950	11345
6633	11345
6166	51100
2631	51520
3163	10869
9701	25862
8368	23710
5110	11345
4676	11345
7001	84557
213	51720
9577	79184
10980	90293
6950	11345
23710	64848
10772	84557
11345	135112
23299	54764
6137	11345
8878	60485
51720	154796
4172	11337
11337	135112
10935	23710
1975	7874
10072	114884
8667	10480
23710	203068
1201	23165
392197	728405
871	11345
6152	11345
6175	23710
10514	23710
8451	10980
5286	10533
1823	60673
55593	56474
8878	23132
2011	9737
9128	10765
4627	7398
5825	373509
5565	9644
5903	81631
57521	64223
5230	5571
5230	60673
4830	23710
11337	114034
5903	11345
5198	51720
11345	83759
10868	55379
2130	84557
7405	23279
8570	23710
6794	81617
54532	57002
10213	51377
6742	11345
9577	54495
64854	84687
5571	51422
51100	56904
4741	8878
9960	23038
57599	64854
9733	25871
9908	11273
10944	57599
79228	84557
23327	154796
8237	10198
8878	51100
114883	115106
1266	23710
5555	5565
10868	23138
599	11345
808	10645
23077	84557
2998	11337
1977	8667
9748	11337
29086	51260
7126	253980
1153	23710
1762	54938
1762	4720
2026	23710
9733	51690
10576	23710
8971	11337
6897	51422
1938	84557
11337	51388
10694	23710
7874	11127
10146	51096
1201	7417
6294	9821
3189	11345
51100	65095
8148	11345
3185	11345
8678	55054
8439	81631
2923	23710
7375	9465
8878	9817
54868	57602
5036	10713
3310	84557
8985	84557
4172	84557
3097	23291
3880	84669
26135	84557
54460	84101
11337	55213
8408	9776
5339	8878
9667	84557
10146	23710
6432	84557
51479	440738
5230	5286
5705	84938
9631	56957
8349	84557
22907	23710
5825	84669
6789	440738
832	1762
84557	92609
9099	51018
9958	64852
5230	79876
2969	11337
5928	11337
10645	10788
6207	84557
2023	81631
10243	54726
6634	23710
6117	60673
10482	23710
10768	126119
7431	81631
9688	9924
375	23710
9924	54148
23008	23386
7375	80153
4131	9140
11337	29896
4738	10987
2517	27005
5702	23710
1736	11337
7430	23035
4734	11345
6187	11345
5052	84557
11345	79443
4077	81631
23350	23710
689	728379
10165	29086
23197	80124
64976	84101
8520	10146
3312	23710
2239	8878
983	84669
3860	23710
7278	84557
5170	26608
25862	55705
10980	10987
5245	9577
6187	84557
6191	11345
1121	10946
4869	11337
8106	23710
6794	11140
57602	84954
5564	5565
4711	55054
84557	100526737
64422	440738
8667	8668
1973	11345
9510	728369
84078	440738
9706	60673
8266	8975
9099	9361
7150	23710
10808	11345
9908	200916
6228	23710
9987	81631
8607	84557
3852	11345
3315	84557
6741	11345
3832	9706
9097	51377
4637	8678
10949	11337
23710	192666
997	8945
9577	23331
5052	11337
11345	60673
9128	24148
81631	139341
10802	11337
6631	11345
6222	23710
6418	377630
8335	11345
213	84557
7295	11337
6224	11345
84557	115201
6598	11337
55133	85015
7167	11337
81631	345651
23071	83593
11345	26135
27161	84557
223	64854
1121	9414
3996	8878
5708	5713
1762	219333
8370	23710
3881	54726
708	23710
392197	728373
10421	10713
5436	57599
440	79016
60	23710
1994	84557
25851	60684
6500	23291
5562	10146
6152	23710
9191	23326
5691	51377
1201	8402
5641	728369
7405	10558
5701	84938
8836	81631
23239	23513
5563	283638
6613	57646
6601	84557
7001	11345
1654	81631
5198	9817
2631	84557
4736	11345
4287	78990
2618	23710
3032	440738
22863	29982
9140	25851
10133	91833
11345	26056
1201	3654
2521	81631
1854	11337
6631	84557
9817	23078
5202	9924
11337	220988
5479	57599
23130	23710
4705	79184
8314	26057
11345	285175
808	7405
9908	25871
4641	10868
5160	29086
708	11337
11337	24148
10009	57599
1917	11337
5566	8945
11337	117246
23710	56267
6125	11345
2318	51100
9706	10970
1832	11345
224	84557
3857	11345
8878	54749
11345	102724594
5981	11345
10514	11337
9817	22820
9119	11337
1665	11345
8678	10627
3858	81631
64949	84132
8266	201626
5813	11345
4355	11345
790	81631
10713	51691
2631	11337
6789	83593
9958	26121
11345	23558
4141	84557
5584	81631
7846	54726
9128	10465
9960	84726
8243	84669
81631	374454
9343	11345
5563	8408
81631	196374
5563	201163
1059	79101
1665	23710
6788	23710
8237	8480
51143	81631
11337	23130
4343	23710
8243	11345
28976	56957
4191	11345
3012	11337
5571	29086
7375	56257
6229	11337
5250	11345
1854	23710
10492	11345
9958	131578
10419	23710
11337	131578
5478	11337
6155	11345
10146	11337
7916	8667
64786	440738
57602	102724159
11337	29894
59	84557
6788	11345
5347	29086
51068	54726
4622	60673
1762	7407
7073	11345
9817	79892
2130	81631
6789	83937
8294	11345
10146	723790
54431	81631
10533	23710
3891	11337
10985	26100
8678	103910
7405	10788
54958	84078
9361	60673
5704	9097
7266	84557
874	11337
6709	11345
23710	83481
9648	54764
1642	79016
6742	23710
8452	11337
1201	1468
9582	23710
8450	57599
9128	11157
3028	23710
10549	11337
3887	9958
10980	55958
9581	23326
1432	10645
10642	84557
1615	84557
56648	84557
25885	79101
3609	84557
9128	56257
5565	9706
1201	5591
29086	51720
51493	84557
8021	23710
7520	11337
2873	10987
4734	440738
8370	11337
11337	54431
444	84557
23603	85015
9529	51720
3799	7405
23710	55015
11337	51495
11345	64786
10643	11337
81631	135112
8878	9118
9474	11337
9684	10987
7431	84557
9531	154796
2670	84557
1121	23077
378	29086
8408	81631
9733	10465
9530	84557
11337	22803
11337	64422
10713	90121
8363	11345
1828	54726
377630	728373
9706	80232
6124	84557
29086	119559
5315	84557
4691	11345
2483	9733
64425	79101
8439	84078
5339	9924
3313	84557
1678	9929
5347	6788
4705	26100
5203	9128
5591	23710
8531	11337
22824	84557
988	23710
1459	79101
9782	81631
1984	84557
29982	79016
8439	440738
7407	60673
10642	81631
8408	9821
7375	55802
1121	25852
5501	11337
9958	653499
7295	23710
10294	81631
383	60673
6429	11345
4077	440738
8667	9470
5563	25973
9706	26100
2762	84557
6130	23710
760	84132
9128	9129
29086	100287932
81631	84557
5347	9821
6280	11345
5701	10213
2631	5230
11186	84557
9474	64422
6632	84557
1207	9706
6625	23710
6203	84557
6169	84557
8266	10075
51100	55379
7534	11337
1460	57599
26127	54764
5701	9097
5689	23710
8314	55252
5707	10213
5573	11345
81631	84078
6835	91833
3848	11337
5713	5718
51096	57602
2802	7186
6129	11345
6748	11345
5591	8678
3181	9706
4905	23673
1121	4927
2316	220213
10213	55049
6191	84557
9817	23710
10576	81631
5230	23710
9588	11345
9448	54764
11345	55646
11337	26953
6130	11345
8663	10868
11337	22827
11345	84790
11345	26986
5438	57599
292	81631
5706	9097
1558	23710
2547	11337
5339	10868
11321	57599
5562	9669
8833	84557
10131	84557
9895	23710
5036	79876
8878	84557
9014	79101
8678	55062
6789	9770
5955	11345
8237	26037
4830	84557
3032	11337
6282	23710
84557	112802
383	11337
9128	10443
5641	728393
10980	53339
4175	25862
11337	201163
11337	11345
5700	84938
57470	79931
2935	8678
1793	81631
6472	79876
2316	10146
23710	388698
9706	10539
9861	10213
83844	392197
64422	81631
1828	54532
10713	57062
4942	54726
83593	84557
4069	7398
5571	11337
3188	11337
23020	23710
11345	55213
8314	10951
8667	25801
8678	22863
5476	23710
8777	154796
10868	54989
27292	84132
1762	3315
51150	219333
5358	23710
301	8878
6143	11337
81570	84749
23710	497661
1915	84557
6144	11345
11345	23637
34	373509
11345	374454
2011	387119
9039	51720
11337	23192
2631	51479
81027	81631
3868	81631
9706	55844
10869	84896
10128	25862
23710	55299
5725	11337
3860	81631
1938	11345
6135	11337
6432	11337
1975	84078
23710	54431
5536	9706
9682	57599
4905	23256
10980	27252
4522	11337
23029	23710
3843	11345
9733	51018
2026	11345
2997	5563
8520	83734
6455	9821
1121	5422
11337	121504
23032	24138
11337	57002
7295	84557
3276	11345
1459	84557
3182	11337
10533	440738
5563	55971
6136	81631
3030	23710
10383	84557
2288	2309
580	51720
10869	113174
5584	27005
5436	85015
5586	8237
8266	91833
9520	54726
6621	55054
7874	8237
4628	8678
4734	23710
1201	55898
5339	81631
11345	126638
11345	26097
11337	84154
6389	11337
6950	11337
1121	5558
11337	55720
10455	10868
7874	85440
10146	54915
10980	150678
10713	200916
10856	84557
5813	84557
8314	8473
9733	26121
10130	84557
55677	57599
10236	11345
9140	23192
6949	8678
23637	440738
8826	64854
178	7405
8825	154796
2597	84557
10868	27005
6472	29086
57602	389421
9706	23363
8364	11345
3329	11337
23035	57599
23581	54532
5236	79876
10075	80124
3032	81631
23710	26523
9446	79876
60	81631
8878	10367
5814	7405
8661	8667
8662	8667
8663	9960
8021	84557
6472	9577
3326	81631
6141	84557
11337	23524
1152	11337
3006	81631
23113	81631
7053	81631
9527	23256
1213	84557
51720	84142
11345	391123
5565	9821
1558	84557
6635	81631
27183	29086
7405	9711
54881	84132
22863	30849
6175	84557
6118	9821
84557	497661
7186	56616
5479	27005
9474	25851
6421	84557
23239	81609
1434	10869
64087	84557
2521	23710
6187	23710
10916	23130
5884	10868
6430	11337
6428	11337
10533	84557
55342	84557
6794	51719
23710	26986
8975	56616
11198	79184
5036	79016
8833	29086
5718	51377
817	1540
7818	81631
5573	81631
80124	137886
5586	91833
10159	10868
23326	117143
11345	27339
7871	54764
10574	84557
1937	81631
5704	11337
1121	11269
4217	5565
10949	81631
1762	3043
11337	94239
9667	11345
10155	84557
3996	11345
1201	6185
51184	57599
1762	9631
8878	11140
563	54532
10980	57563
11337	51479
27332	84557
8237	23313
3091	54971
10427	84557
8471	84557
1937	11345
405	3091
7353	8266
2011	10944
2631	5198
7398	23239
6175	11337
2975	8878
23710	201163
8661	9960
64398	154796
23326	56970
23192	84557
64422	83734
213	81631
9406	10713
1121	11124
9533	79101
29889	57602
8454	10980
6194	23710
8363	23710
8453	10987
2992	11337
7874	9320
1121	23511
6122	84557
4905	9527
55505	57599
11337	54512
5690	23710
178	51100
6599	11345
10987	80204
4697	11337
3881	9101
29997	85015
5434	11345
8243	8678
3295	11337
6188	84557
9706	60496
7818	84557
9776	9821
5590	11337
4191	84557
11345	51350
6418	55593
57470	84132
9960	163590
3615	23710
7375	10465
9098	84669
5162	11337
2011	2517
51520	60673
51377	219333
7375	8237
5713	9097
2873	10980
10987	51138
6117	79443
1653	23710
10015	79876
5286	10617
6741	81631
7375	26121
23710	63891
2618	84557
5591	11345
1994	11337
11345	23048
83734	440738
60673	374454
26135	81631
2058	11345
4343	11345
6142	11337
57470	84669
4738	8975
3848	84557
1201	9520
3852	11337
11345	27332
8243	10645
3799	79443
11337	23112
8878	387338
6789	60485
11051	23710
5230	51422
11337	25782
1070	25862
292	23710
9958	100653049
29982	54504
3305	81631
3872	23710
3183	11345
11345	147409
79697	84132
7874	9338
8314	171023
9706	23710
10713	11017
1019	23710
4191	11337
6224	11337
29919	79443
1213	81631
5700	51377
213	23710
1201	9688
55119	84557
5351	11345
54461	91833
5286	6897
3184	84557
23710	79084
5052	81631
6125	84557
6634	11345
29110	79931
11337	23637
7874	8030
5704	84938
6632	23710
689	728405
4141	11345
11345	192666
79876	440738
1201	55215
10713	55352
23192	440738
81631	96459
23710	60673
5515	23710
10963	11345
6203	23710
7430	23710
2011	10087
3963	23710
10189	23710
550	1201
3178	11337
9588	84557
23710	26156
3886	11345
11338	23710
10605	219333
8452	10980
8678	51100
23710	26953
11345	23435
64175	81631
55432	81567
6143	11345
1832	23710
8218	23710
9500	26100
10868	94121
4077	23710
8367	23710
6224	84557
23710	55213
3860	84557
3315	81631
10987	26094
3312	81631
4313	81631
8237	9817
8878	83481
29927	84557
8655	91754
7375	51691
11051	11345
1121	55718
377630	728400
6125	11337
2318	83593
3881	9958
23450	84557
11337	79084
310	23710
9100	54433
10521	11345
5167	8878
5713	11047
4077	8878
23710	26135
11345	285489
8243	8975
5591	10645
9821	55054
23710	653499
10920	10980
54148	84669
3856	54726
9217	114883
8987	23710
10131	81631
57002	81631
1762	10869
6426	11345
7874	9184
8078	8975
51479	81631
11345	131578
23239	64854
4697	84557
6164	11345
1655	81631
3728	11345
1738	23710
81631	84790
9706	65263
8689	53917
10713	23020
3836	7398
8360	11337
54938	84101
3054	8314
8237	79921
10574	55054
3181	23710
6229	11345
1975	8237
7917	8266
10643	23710
5566	25862
23326	55578
10492	23710
7874	9577
6217	11337
9204	90293
10920	10987
6155	11337
5476	11345
501	79016
6134	11345
3891	9101
11186	440738
6137	84557
11345	23318
2023	11345
708	81631
5478	23710
9895	440738
4905	8775
64682	81631
832	11345
2670	11345
5352	9474
11337	84309
3891	11345
10146	23636
3872	7398
8218	81631
1201	79751
2810	23710
11337	102724594
49856	114883
55054	440738
5250	84557
2631	5591
1201	50628
9349	11337
23710	140801
6418	64854
5092	11337
6144	11337
10111	84132
3646	10868
5245	81631
23710	29896
2130	11345
10146	55319
3607	154796
8833	79016
23710	137994
1915	23710
4673	11337
10015	440738
8367	11337
10549	11345
3167	84640
8454	8945
6233	11345
10980	51133
2597	81631
1201	9894
2986	11345
63929	81631
8878	49860
11337	23350
11337	554313
5536	23239
23710	84790
539	79184
54460	84132
2734	8878
9352	51377
689	728400
498	23710
4790	81631
5347	9706
8368	11345
8237	10625
1655	23710
84557	342574
8801	10869
7322	55611
10643	11345
832	23710
3191	11337
11337	23517
8314	404734
5562	11198
10427	23710
3890	57695
5476	11337
5111	84557
642	11345
8803	10213
5289	7405
9908	55833
1315	84557
5565	51422
6181	11345
3832	79931
8363	11337
11337	23001
23710	376267
178	5565
3310	11337
81631	92609
4673	23710
6230	11345
4734	84557
1201	11218
10155	11345
689	728393
10082	11337
23710	57492
8531	11345
8314	54882
1460	79101
6280	23710
8971	11345
8667	9960
6429	84557
8270	8878
23710	26227
270	11337
9987	11345
8237	10276
7353	80124
9338	54962
5317	23710
5519	79931
8407	23710
11337	84078
1201	10985
4927	81631
3301	11345
10645	11260
8570	11337
8924	10600
9706	10767
2997	11337
23710	100526737
191	84557
9410	10713
9960	10672
11345	55054
9733	11157
8985	25851
9128	79171
7280	81631
9474	81631
7411	9924
9821	203228
11345	54431
9776	60673
5709	5713
7112	79443
11052	23710
51018	79101
8987	11337
5710	9097
3313	11337
10576	11345
7534	11345
6136	11345
9782	11345
8237	114883
213	1762
11345	23521
6202	11337
2011	5584
23192	81631
4646	8237
5704	51377
1121	11101
3607	84557
1475	54532
23710	27288
5501	84557
24148	84557
5294	7402
1540	4646
1655	11345
8237	117178
3028	81631
51035	91833
7405	84154
34	10868
11337	79228
6132	11337
64422	84557
10048	84132
5704	5713
3757	11337
8878	221154
9188	23710
29086	55757
10969	11345
3178	81631
1737	84557
5935	84557
7448	26100
55201	81631
2547	11345
158	79016
908	11345
7266	23130
7072	23710
10845	23291
10868	55700
5170	10146
3032	11345
11345	121504
6193	23710
10949	84557
3858	11345
23710	345651
5565	23031
23710	83743
444	8878
4282	11345
5641	728405
56252	84557
11345	26523
307	23710
8454	114884
29761	55958
4627	8678
9817	84557
4130	81631
23192	64422
55832	79184
10980	55643
9510	728419
3309	11345
11337	27339
3276	23710
8335	11337
1762	6723
23326	552889
1933	81631
3188	11345
1653	84557
54532	374454
11337	192666
5702	9097
6156	11345
10617	51652
983	51720
5201	9128
1399	7874
1068	25862
1643	10980
8661	57599
6950	84557
6158	11337
55054	55170
11345	54958
10987	163590
8985	11345
6921	9338
25939	81631
9667	440738
8664	9960
9474	51100
7529	84669
11345	22848
7431	8878
3852	81631
3185	81631
1973	23710
3843	81631
124739	260425
3849	11345
10130	11337
5204	9128
6176	23710
2316	85015
6631	11337
1121	5557
1121	4131
8237	9320
1201	5245
8237	192111
613	57599
22948	84557
10980	115290
51377	80227
10284	11345
10987	90293
10726	26100
23710	140576
1121	8021
3182	11345
158	7375
6135	81631
5110	84557
4736	11337
5693	9097
2997	51100
26273	79931
5289	29982
5719	9097
5036	5286
6727	23710
10558	84938
1917	84557
9908	51720
1457	8667
10868	84461
6711	23710
9706	51422
5576	84557
829	51720
51495	84557
6176	84557
8408	11140
3336	11337
23710	83452
4150	9817
178	83593
1659	219333
329	7186
9733	56257
8658	29086
5563	6786
11345	554313
5836	10869
5562	8408
2631	8878
6181	81631
11100	11345
8454	10987
9733	25804
3182	23710
5700	5713
4172	81631
3609	11337
9908	57532
154796	221937
23710	25797
5317	55062
3185	84557
11345	51247
8364	11337
1743	8975
1201	10533
1302	91833
54958	81631
8175	85015
392197	728393
55432	84321
9972	10868
10484	23710
11345	83743
9821	55255
8243	84938
6598	11345
7531	9706
7307	11345
23710	55119
5294	23710
5564	23581
6279	23710
7375	196513
3839	84132
10868	84220
801	9929
4287	83892
8667	57599
2316	55593
23243	25862
55201	83593
79016	80067
5294	5563
8318	8878
2155	51720
6191	23710
11091	11345
1832	81631
6789	84557
8924	84132
142	57602
5786	7405
6897	79876
9368	23035
114883	282991
1201	51144
11337	57819
7874	81545
4927	11337
8566	11345
3187	11345
3012	11345
3884	9958
6233	11337
1069	25862
81631	83734
9821	440738
5714	9097
89890	440738
8678	10939
2992	7405
158	9958
81631	220988
3190	81631
84078	89890
11345	22803
1660	11345
23112	84557
4131	83734
2821	11345
10342	81631
7874	79892
9128	64852
25902	84557
10575	84557
3843	79101
3030	81631
23326	93624
4436	55611
9577	23130
10935	84557
11337	161582
1937	11337
9706	11345
23710	161582
11152	55102
5930	84557
5518	23710
23291	54764
3301	84557
6194	11345
2011	7533
1654	11337
4734	81631
2731	79931
23710	51806
6421	11345
10342	11345
5984	51720
7375	9470
6142	84557
7411	9128
5930	23710
6280	84557
8464	23326
3030	11345
10016	84557
4035	9960
11337	26354
3006	11345
6124	11345
11337	203068
23326	151230
6897	79016
9733	64852
10868	25777
3030	60673
9527	9554
29086	125228
10427	11337
2318	81631
10869	85440
154796	154810
6207	11337
9706	11180
7405	9392
6389	84557
1762	7533
4670	81631
11337	100526737
9667	9821
9632	23710
6949	51100
11337	57062
4521	11345
55626	79016
5710	5713
11338	11345
1762	9520
8895	84132
5584	23710
9474	440738
10514	11345
29966	54764
27101	54764
4698	29086
81631	89890
9817	11345
9101	23326
9533	91833
11345	55119
10980	84861
874	9960
5584	11337
372	9817
9639	57599
5563	10645
509	23710
506	23710
1121	171568
11345	96459
8294	23710
11337	440738
8904	51720
6228	11337
55905	57097
8878	140597
8878	84131
9184	23710
6203	11337
1121	23636
22798	253980
3854	11345
6154	54532
3850	11345
11337	89890
3309	23710
9351	23239
1762	8801
11345	23029
8975	23197
2318	220213
7155	7405
11345	84557
11337	90121
2130	23710
5294	85015
1762	11140
9097	11047
23710	54881
1121	23683
813	84557
5250	11337
91833	219333
9817	10072
10713	54931
3868	11337
56919	57602
8065	10980
1503	81631
8678	9140
1762	51181
7534	23710
57602	257218
2194	81631
9343	23710
8924	54764
9129	10713
4670	84557
5351	11337
5250	23710
6510	373509
9318	10980
2318	54532
3305	11337
11337	92092
2309	7533
64854	440275
25862	79801
23077	57599
8237	83858
81631	112802
2932	7186
1041	11345
10869	58477
6731	8678
331	8237
3336	11345
64963	84557
7529	79931
5532	11345
7405	51065
11345	51143
7375	51690
29888	54764
84062	114883
54726	388697
8473	23291
11337	26156
2475	64223
5717	9958
85015	103910
8237	84938
9958	284677
7073	81631
4134	79443
60	11345
1121	81557
23404	84557
6950	81631
8266	55666
1828	23710
3861	11337
8975	9126
5610	11345
5286	84557
6595	126119
10212	29086
51663	85015
3326	23710
5641	728419
10146	10973
11345	345651
6146	11337
7533	91833
10635	219333
51720	84661
51631	81631
2631	114884
23130	55102
6625	11337
23710	79443
4627	85015
1915	11337
2010	79443
174	10617
6118	79443
3305	84557
2194	84557
3181	440738
25862	283373
55215	57602
8678	9126
4131	64422
5707	9097
8508	11337
10015	11345
4905	5564
9100	9908
9140	11337
23326	60496
10111	54532
10868	83858
6135	84557
5573	440738
3313	11345
5718	10213
4175	79931
3735	23710
5304	10208
6788	83593
4313	114884
5928	23710
3192	11345
4522	84557
7533	124739
8878	51495
9785	10713
1891	23710
10645	23363
6794	92335
6637	11345
7922	25862
11103	23032
5705	5713
57599	92345
476	84557
9706	23648
8878	57609
4905	8774
7874	23172
2288	2631
11337	388753
10713	64318
9318	51720
11345	220988
81631	83593
3996	23710
9821	51019
27005	65109
57602	283373
11337	51493
9202	90293
8878	319101
10146	57532
6141	11345
7405	11180
8945	25777
23019	23326
3888	23710
9817	114884
8237	23077
23032	55119
6233	84557
10772	11337
2194	11337
9584	23710
5036	29982
4928	7874
2023	11337
377630	728379
7375	57819
132320	154796
23326	127002
4620	60673
10236	23710
9817	81631
8439	11337
1152	84557
6204	11345
10197	79101
5315	23710
1121	728239
8666	9960
1503	84557
8508	8878
10594	10713
2098	79016
1933	23710
10973	51633
3959	84557
57727	81631
11337	79724
5571	8408
23405	25862
5710	51377
6637	84557
439	8266
302	23710
7398	57599
10427	79443
5094	23710
23710	60491
8678	9666
57470	81631
23239	57599
2130	11337
1654	84557
4670	11337
9895	11337
2648	23326
9577	23172
5351	84557
55213	81631
7051	23710
9128	25804
23215	23710
7818	11345
993	8945
3843	23710
1457	57599
11337	23275
9833	29086
81631	284695
10980	80344
10492	84557
23710	51350
7533	9706
5702	51377
6747	9577
3098	60673
191	11337
8368	11337
8237	26058
51366	57599
2317	220213
10549	23710
2011	23239
805	10868
9140	64422
10644	11337
9128	10471
11345	51479
6428	84557
1915	81631
6143	23710
11337	79443
321	10868
1981	8667
1982	8667
4361	8237
10483	11337
4048	79876
55596	84557
10635	57599
7053	54532
5713	5717
5713	5716
10788	84557
9188	11345
9733	84319
25862	57559
8361	11345
8678	11130
11345	84078
5706	51377
11315	29086
9817	64855
3310	11345
3959	81631
29086	84142
2597	11345
2235	84132
6134	11337
7405	25831
11345	64087
5709	9097
7150	11337
3692	11337
7203	55054
8878	90187
2739	81631
29086	79184
539	23710
22913	85015
6218	84557
11345	51493
58477	373509
56897	114884
5887	51377
7053	11345
6748	84557
6427	11345
8570	11345
2997	11345
10980	57542
9960	23504
10980	25793
3857	11337
7572	8237
8531	81631
10492	81631
7186	29110
988	11345
5565	9064
5230	29982
847	23710
10768	84132
5521	23710
23710	374454
5563	96459
57097	80344
23435	84557
55666	80124
9414	84078
10808	11337
3858	84557
11345	57062
4967	8975
6502	10980
10576	11337
10262	11345
11337	81027
4430	84557
8924	10869
2923	11345
5562	11337
6202	11345
9817	192111
23246	57599
1211	84557
55662	56957
51720	79896
5111	81631
2631	3098
2631	5036
811	11337
11337	83593
6117	9821
1653	11337
1111	8878
59349	81631
89890	114883
5496	57602
9733	57819
7334	55611
57599	57621
6132	11345
6218	11337
6128	11345
3032	23710
9577	10128
6201	23710
8761	11345
6626	11337
10521	81631
25831	54764
1828	11345
9054	9821
11345	81631
4282	81631
10869	29927
6921	9924
11337	81631
498	81631
7448	23710
223	23710
2318	54726
51350	81631
7533	64854
3320	23710
2731	9706
8408	11337
8945	10726
84557	389677
25862	51366
3315	11345
9119	81631
51720	55327
10987	84861
11345	23192
3858	11337
3884	53917
3032	84557
1828	81631
6789	11186
7874	79921
2956	11337
2547	81631
5771	51377
3891	9958
23710	54734
1121	79726
5714	10213
4839	11345
3856	84669
81631	388698
287	11345
213	11337
8359	23710
4869	81631
81631	89849
3309	11337
1201	10939
11337	92140
9782	23710
10713	55178
4691	11337
1353	8878
7277	84557
3843	373509
3184	11337
11337	283349
23710	51593
11345	56267
10980	51185
6897	60673
3848	81631
9685	84557
59	11345
5564	9706
5226	10208
6472	79184
4691	23710
7405	8662
6158	11345
3607	81631
8971	23710
2774	9960
9821	26100
10980	64708
10146	11124
3963	7398
9530	81631
64786	81631
3189	81631
2194	23710
10987	55643
81631	283349
6223	11345
217	23710
217	79876
7415	80124
3178	84557
1121	1431
5591	79016
2665	53917
11337	29926
10367	29086
1650	23710
3886	53917
9958	391123
682	373509
7531	11345
10713	219333
6633	11337
4507	84557
6723	79016
1121	4357
3884	11345
5705	51377
9184	81631
5693	84557
1786	7874
5713	51377
10885	124739
56252	81631
3609	23710
8340	23710
11337	80335
7917	8975
6389	23710
10667	85015
1121	80232
9343	84557
5836	11345
27132	55611
9825	10471
11100	84557
10146	11345
301	29761
5822	57602
1503	11337
6510	10869
9939	27005
11345	23102
1459	8667
5563	8243
6152	11337
5313	9960
498	11337
8218	11337
8975	55666
8678	9100
11345	55131
22898	84557
11337	55131
7001	23710
23239	64783
8362	11345
10606	23710
11345	57002
9024	84078
2026	84557
2288	79016
9128	51690
2521	84557
6147	11337
6631	81631
5224	51100
6125	23710
8663	8667
8367	11345
1796	23710
23581	55611
1660	23710
10314	11345
5198	51422
2312	7398
11051	81631
5565	5571
11345	64318
5518	11345
11345	24148
6432	11345
29086	116540
873	5564
5216	81631
2316	9706
8945	23291
9045	84557
8833	81631
11337	84365
10607	57602
84557	284695
10533	11345
1121	84219
2664	84557
4131	83593
10128	10869
10291	23710
5708	84938
4719	79931
7874	10869
3963	55062
51035	84669
8148	84557
10801	79016
2821	81631
11345	64422
3315	7398
51193	57599
10146	79871
80124	94160
8533	10987
3185	23710
83752	154796
2631	23193
10632	23710
8661	79876
9276	79876
7917	79184
6176	81631
7353	8975
3891	10208
9821	140775
4191	23710
25862	84101
10493	23035
84557	84790
9577	10165
8243	23130
4287	8975
81631	203068
9922	81631
10980	51514
6426	23710
5641	23710
9097	9861
1743	51720
51520	79016
6188	23710
1211	10617
3305	11345
2288	5286
6135	23710
23710	79983
84557	553115
4905	10228
9987	84557
1974	8667
4313	219333
9128	9733
805	7405
5687	9097
5536	25862
11337	51121
6194	11337
23102	23710
9821	83752
10808	23710
3191	84557
9730	10980
7431	11337
10342	11337
8402	29086
2155	23710
689	728373
5563	8079
57602	79902
2631	8408
6185	9577
11337	497661
3028	11337
1762	24140
10155	81631
6317	23710
6124	11337
689	728369
29761	83892
11345	51631
6748	23710
2631	9219
8878	10730
4174	23710
10713	23378
6597	11345
4734	11337
10291	84557
292	11345
1460	23710
6147	23710
6737	81631
10980	79699
57602	84955
1314	25862
11337	23102
26292	54726
9343	10713
9632	11337
8945	114928
4174	7874
1266	11337
9444	84749
593	11337
3963	84640
5245	11345
2317	10146
11345	26953
5034	11345
10594	81631
6709	23710
10521	11337
9525	29086
142	5562
10694	84557
26227	84557
5716	10213
56945	84557
5716	51377
6737	11345
22827	84557
1121	55234
23710	56270
3295	79876
2717	11337
11337	55299
11337	26528
3799	10208
1762	23513
8454	23291
4720	8878
5434	8237
3309	81631
6228	11345
2774	9825
11337	23020
6949	84101
5584	11345
9908	10973
2969	23710
3191	81631
1453	9706
9582	84557
1121	159090
6390	11337
224	373509
10970	11345
6202	84557
8667	8669
1739	154796
9908	57062
2631	440738
23710	64422
56252	57599
64783	84557
5052	11345
23710	157769
8975	83737
4637	23710
4670	23710
22866	79931
8294	11337
3963	9958
219	84557
1385	9706
1642	11337
10016	81631
10533	83734
11337	79736
5887	220213
23710	51495
9510	728400
6132	84557
805	9929
4131	55626
10987	64708
2288	51422
23172	51720
908	81631
7001	11337
7402	27005
5982	11345
7347	10980
10645	23192
11337	22869
6632	11345
51720	79184
2011	27005
8731	11337
23710	92609
6122	23710
11337	92609
5693	51377
6502	10987
9338	55818
1399	23710
1121	10980
51506	79876
55692	373509
2885	10617
6709	81631
63931	84132
9474	89849
224	11337
1508	57663
55920	84557
8237	220213
5984	10868
84557	139341
5304	23710
3183	84557
10574	81631
5982	10868
7874	10389
57602	134430
873	60673
9128	11017
3190	11337
8237	9533
3861	11345
5313	10208
80124	165324
11218	84557
6789	81631
8508	23710
6788	6789
324	8945
23386	90293
51720	57599
5984	11345
8365	23710
377630	728369
54431	84557
7529	23710
5562	9513
9632	81631
5216	23710
3315	84640
4905	8773
1121	84128
11345	23710
11337	54433
55327	154796
5317	9527
23048	440738
6224	81631
9510	728405
1213	11337
6132	81631
3857	23710
330	7186
1832	11337
51569	79876
3054	54532
8945	10426
8237	55593
8439	129446
5591	84557
8452	23710
22803	23710
4131	6789
4686	11345
6923	9924
26100	55862
9924	150472
477	11337
1201	1355
3884	54726
1736	57599
3959	11337
4355	11337
9218	114883
11345	26156
3183	11337
5216	11337
6637	11337
10869	84461
8991	9958
5203	9825
5289	30849
3190	84557
9343	11337
8833	9338
7375	11157
5641	11337
3182	84557
8678	9474
51199	154796
6749	60673
9128	9416
29997	51720
10383	11337
11337	55922
10713	26121
3192	81631
8667	8672
8878	55217
7405	79724
2670	81631
5713	10213
114884	192111
23524	114884
10492	11337
5562	5564
25862	79902
1933	11345
8295	23326
6176	11337
27005	84196
11080	26100
10772	11345
81570	114884
1121	7353
5713	5714
6788	11337
55291	79931
8878	55006
54187	79016
2288	79876
178	5563
790	11337
6317	11345
6794	57599
10642	23710
83743	84557
4839	11337
3888	11345
9817	163786
6294	85015
5591	81631
3187	81631
5725	23710
1121	7184
9895	11345
9318	90293
9685	23710
11337	286887
6742	11337
4217	5563
23382	126119
6801	54764
7417	23710
9129	9958
7295	81631
9131	84557
2885	55593
10342	84557
135112	440738
1676	5563
3096	8945
55201	84557
51479	79016
9128	26121
5694	51377
23710	57002
7405	128178
126119	219743
23710	55646
29086	81892
2926	11337
9747	26100
10713	54433
4905	10490
7284	84557
51633	92140
3329	23710
6794	55437
1540	10724
11345	117246
5170	27044
11345	140801
7375	7398
3308	11345
8359	11345
10236	84557
10869	83985
3295	23710
6711	84557
4144	84557
6207	23710
2155	25862
7184	11345
54764	55917
25782	84557
223	79931
6208	84557
29086	84706
10483	11345
9685	440738
1459	57599
6184	23710
1121	10920
1500	8878
3187	84557
114884	124245
4131	11345
9128	10594
9817	11337
3608	23710
11337	55361
6742	84557
7023	23291
1457	79101
11345	26528
5160	10869
23710	54749
8337	10146
23710	220988
1627	9706
10165	81631
29766	85015
3181	11337
29761	114781
6222	11337
3313	81631
3312	84557
57599	81631
10980	50813
51593	84557
7150	11345
7405	80183
2235	10868
7874	51100
5700	10213
1796	11345
84078	387338
63931	84557
11345	51010
10970	373509
7334	57559
9895	81631
5928	11345
11337	55646
8878	114882
3326	11337
57470	84557
11337	23367
8568	11337
5464	11337
8678	55626
10606	81631
11337	60673
11345	203068
3308	84557
10627	85015
9706	22938
6566	81631
81631	192666
10383	81631
8661	51422
5717	9097
6631	23710
3608	84557
6124	23710
9960	64359
1796	81631
3757	81631
9825	29086
191	81631
9295	11345
10236	81631
5707	5713
6711	81631
9782	84557
575	8667
5317	7398
9351	23035
6181	84557
808	10868
5037	11345
23710	91754
9733	84154
8878	25973
8945	55031
2332	5562
8878	11337
7086	9474
8678	9711
11345	55690
3030	79016
1762	23239
5573	11337
8439	23710
4171	79876
57599	60487
4134	9821
8349	11345
2011	51096
4869	11345
5565	57620
7531	124739
8314	79711
11052	11345
6737	84557
7277	11337
8883	51720
1201	11260
6128	11337
3184	23710
811	11345
501	79876
6207	11345
1476	84557
79921	140597
10980	80204
8568	84557
9667	81631
1665	84557
2011	23203
5052	23710
2317	81631
1476	23710
6601	11345
3320	11337
8826	84078
9338	79921
6294	84557
10949	11345
7405	55844
27044	79876
8366	11345
7405	79184
6421	23710
8945	79866
9825	51720
5955	11337
79443	84557
79656	84557
8678	80335
8266	23197
79101	692312
29086	51035
6206	84640
7846	84669
23225	81631
3167	57559
23558	23710
1540	8975
7874	29086
2992	5565
4171	5571
4790	11345
11337	26986
1762	2584
63891	440738
23102	81631
8314	8520
23710	25939
213	11345
8878	64978
7284	81631
11345	64434
11345	284677
22930	84557
9577	84142
11052	84557
10533	81631
84557	388698
9097	84220
7186	10010
8408	23192
5315	81631
7375	9129
11331	11345
11337	23558
8237	90293
5430	23710
5687	54532
1500	57599
11345	26227
1476	11337
11345	146057
7024	11337
9318	10987
6737	23710
10342	23710
10856	23710
9810	9958
6123	9908
1121	25865
9632	11345
9510	728379
4646	29761
11017	11345
10146	65095
5725	11345
10498	11345
11345	63891
4905	8417
25902	373509
6135	11345
34	23710
8667	10092
57599	64175
7345	64770
1854	11345
5717	10213
29761	124220
392197	728379
2997	8678
6596	7874
6147	11345
1540	9825
7874	8165
2026	11337
1654	23710
7405	8678
7273	81631
9577	25979
7874	9097
1477	9958
1072	23710
6176	11345
7531	11337
708	11345
4534	84078
1643	79016
8878	56652
805	10645
6726	84557
5565	55971
506	84557
6730	7874
3884	11337
11337	23225
23035	64854
10413	154796
10525	11345
8678	56904
3106	11337
9128	51691
142	2631
11345	23112
4942	84557
9119	11345
9045	11337
10645	55215
11345	83734
1665	11337
9958	57819
6301	79876
8878	440738
8533	10980
2011	9181
10629	23326
11337	23451
6830	57599
11337	54881
23710	135112
6133	11337
9817	51608
4640	10868
230	23710
6133	23710
873	79876
29890	84557
6217	23710
1201	23193
6144	81631
7001	81631
5224	9958
3183	23710
55100	57599
3310	81631
8439	91754
3728	23710
9219	9706
57599	219333
3329	11345
9510	728373
301	23710
7347	81570
25862	257218
10484	11337
2631	81631
11345	79084
1201	7514
270	81631
372	9924
23291	25820
2547	23710
64422	643246
6168	11337
4069	57097
8106	11345
9092	9128
6205	11345
1201	57003
8825	11345
23032	51663
7158	57646
1152	11345
7014	9474
5394	11337
8878	54958
36	10869
4627	23710
5563	9821
22878	25851
9584	11345
8899	10713
4171	79016
7073	84557
11345	23367
5347	10868
51138	90293
890	51720
506	11337
9733	79682
8899	9128
11345	51637
11337	23211
5519	9706
1649	84247
3853	23710
6789	23710
63891	81631
8508	81631
1655	84557
5036	60673
23710	126638
5496	25862
64854	140465
6147	81631
8452	11345
8237	200933
3939	23710
55054	64422
3189	23710
7879	23710
23637	81631
2108	60673
9474	11345
56342	79101
4673	84557
9577	64210
59	81631
56267	84557
8178	10208
11100	81631
5555	11337
55319	81631
790	84557
5641	728373
10116	10980
29761	57646
5496	8314
1653	81631
7284	11337
8139	55054
6418	57599
6390	23710
11337	23212
114883	114885
6634	81631
10130	23710
6223	23710
51428	57602
8945	100528062
2023	23710
10240	84132
10987	26263
9817	54958
3852	23710
10075	373509
11337	27288
9474	54510
9140	55054
7846	373509
3181	9821
1509	23710
23192	23710
79016	80344
81631	553115
1629	10600
10498	81631
9821	11337
10208	23379
1737	81631
6050	9908
10146	23511
7874	8480
2011	7402
6789	57551
8237	84926
3028	11345
8450	10980
11345	284403
3891	54726
1475	81631
6210	11345
1121	55109
6187	11337
2950	81631
7407	81631
4637	11274
8924	10868
4172	23710
29101	51720
11337	63891
10910	23239
2774	29086
9416	10713
9100	10658
2288	56904
79443	81631
8349	23710
5317	11345
8148	81631
9685	57559
4869	84557
270	84557
2108	79016
56267	81631
2969	7874
10165	373509
11345	23020
51479	60673
23326	23411
9474	55054
11345	161582
5689	11337
5093	23710
10869	55161
1660	81631
293	81631
10869	55898
2239	11337
55696	84557
9577	51720
1201	1537
5685	29086
3482	373509
3326	84557
11345	497661
4000	23710
10286	11337
23710	79026
5339	253980
8452	10987
60673	440738
2597	23710
11345	29896
5478	84557
1892	79016
83593	440738
3281	9821
23197	26100
55015	84557
6204	11337
10980	26094
10016	11345
1121	81929
10987	122769
5708	51377
5294	54496
1937	84557
3848	11345
6628	11337
10015	23710
6193	11337
7756	7874
8439	84557
3005	11337
5393	11337
55651	57599
847	54532
31	11337
1314	60673
23710	27339
9821	60673
10056	79016
8668	26100
2643	114883
7398	23035
25824	29086
11337	84263
23020	84557
7874	79184
223	79016
832	81631
6155	23710
1540	124044
3313	23710
9188	11337
1201	55176
8678	107080638
7874	23008
7405	27132
2079	84557
9045	11345
5983	10868
9128	57819
55291	57602
6634	11337
7531	23710
8945	51138
1778	84557
55054	166378
2309	7531
908	84557
9776	23710
26986	84557
11345	51495
8452	84078
5713	10868
5591	11337
2997	23710
2289	6794
3861	81631
3872	7345
8314	221937
91754	140609
11345	126298
23279	219333
5584	84557
57002	84557
29896	84557
11345	79228
6146	81631
7186	27429
5562	5571
5714	51377
64854	91833
7072	11337
5630	11345
4905	29086
4282	11337
8987	81631
3181	81631
3337	54726
8237	140597
2717	54726
10971	11337
3309	84557
1981	9960
4905	53917
3996	84557
8945	10845
11051	11337
25851	80781
84557	221937
213	57695
11345	23225
8761	11337
4521	81631
1121	7082
191	23710
7874	10075
91754	440738
84557	192666
9097	58477
2617	11345
3376	81631
2879	55593
8878	11345
60673	79876
8945	338785
3853	11345
11337	64848
9119	84557
27288	84557
5478	81631
53917	342574
23193	51422
26523	84557
1072	84557
51428	81631
5563	5565
6160	11345
293	11337
5977	11345
9667	11337
5289	440738
5562	5565
498	11345
55626	373509
3843	8314
8340	11337
4651	23291
10869	55176
9338	55527
23326	27044
7203	11345
8662	9960
4171	79184
8655	154796
3191	23710
6635	11345
8573	51720
5832	54764
9474	151903
7157	55593
81631	643246
5515	11337
27005	129831
10645	57488
3178	23710
2317	23710
2309	60673
10383	11345
3728	7398
2108	79876
3609	11345
6318	23710
10534	51100
64062	84078
10135	79016
3183	81631
11337	56267
11337	23404
84557	345651
4904	11345
1933	11337
4927	23710
23172	29086
8408	29982
14	11345
23225	23710
1121	11097
10987	80311
8439	11345
56252	85015
26528	84557
8237	154796
4738	29761
5036	5170
1121	101060521
5630	23710
9097	10213
2631	3030
1121	4928
27288	81631
60488	84132
6059	8667
498	84557
1994	23710
57599	159090
9338	29128
9908	11345
5298	84078
1192	23710
4282	23710
3849	23710
5985	11337
2521	11337
11337	65265
10869	23534
7157	10713
4841	84557
8878	55347
790	11345
3030	25862
2997	440738
7024	440738
10642	11345
2631	9817
7332	84557
90070	440738
3881	11345
1762	7257
25994	84669
1938	23710
7280	84557
8314	23382
9910	23637
8667	10973
5708	79876
8454	9577
23071	84669
4771	154796
23275	23326
4898	51720
23035	91833
11337	26135
6430	11345
55737	124739
6122	11337
8408	9100
79184	84142
5055	23710
1762	8974
3308	11337
143098	154796
5565	389840
8359	11337
23603	81631
79443	440738
8678	10989
3191	11345
7184	11337
9184	84557
1738	84557
5501	81631
1121	8175
11345	440738
3848	23710
8667	10989
5518	81631
22870	25862
2011	23255
6181	11337
7874	26094
10935	81631
2011	6645
9908	134430
9908	23636
3996	11337
5562	79016
8408	440738
8218	11345
2316	10645
38	11345
10146	65083
10575	23710
10082	11345
9577	55757
6222	11345
11103	84101
11337	55054
8678	51144
10432	23710
8566	81631
2107	9817
6175	11345
8480	11345
4620	9958
9908	10667
7936	57599
1984	23710
287	23710
8878	81542
7978	11337
11345	55269
8314	63893
7051	11345
10236	11337
9776	81631
6635	23710
8568	11345
27101	55593
3609	81631
8451	10987
11186	11345
23239	91833
2011	23303
5356	84132
3615	11345
51422	84557
5584	8878
7277	81631
7248	8678
11337	25873
9825	55327
810	7398
11337	140801
8237	9338
3181	55054
23524	84557
3032	60673
5351	23710
8987	11345
10075	81631
10980	92799
5217	23710
7347	10987
5573	23710
4628	85015
4904	11337
377630	728405
5886	220213
11345	144501
2011	23122
8366	23710
1937	23710
9330	11345
23085	84078
5162	81631
6156	23710
2318	10645
7277	23710
9128	9958
11052	11337
5861	23710
178	23710
25851	79892
6130	11337
1994	11345
6144	84557
4048	79016
3188	23710
1678	84749
4343	11337
6230	11337
689	728419
8370	11345
59	23710
219	81631
8975	9747
11345	79876
55968	80124
983	10869
6210	11337
9584	81631
9821	27316
3320	11345
392197	728369
7866	57602
84557	220988
8878	54938
7375	9128
5562	51422
1540	55125
6880	23326
4282	84557
5442	84078
9513	54726
11345	27161
1201	55183
3891	64223
8924	81631
8761	23710
8340	114883
2597	11337
6908	79101
3096	23291
23710	55714
84861	90293
5571	10645
5718	9097
6472	79016
9577	29086
9667	23710
5518	11337
11337	345651
3608	81631
1743	11345
3188	84557
5962	23710
10426	23291
84557	84946
10576	64223
22894	29086
84557	221092
11337	84790
57599	84687
10197	124739
10987	115290
6202	23710
25843	54764
23326	100526832
7407	55593
10963	26100
9128	10243
10474	23326
8473	8945
8408	11345
9140	9474
9631	84078
5709	10213
7874	85313
6741	23710
8508	84557
8364	23710
23710	55717
6389	11345
23035	23239
4738	10980
4622	9958
3178	11345
8878	23710
51100	55661
23710	55054
983	85015
11331	81631
6124	81631
1762	64854
6217	11345
10987	80344
80124	258010
2167	9958
4898	23291
11337	89849
10208	51479
8408	10146
11337	23450
6628	81631
10494	57602
26608	84101
1161	10980
11337	25885
6059	373509
10533	64422
2288	5571
11337	83734
22824	81631
9776	440738
6789	8878
5563	9064
4670	11345
3305	23710
4134	84557
10980	51138
3187	23710
11345	90121
9706	81631
11337	90957
8314	10197
8975	83892
6050	79931
7431	23710
55593	55915
5716	9097
3607	8314
5931	8314
6432	23710
8366	11337
10869	11315
84557	91754
11337	79876
10980	114781
26227	81631
6949	57599
6432	81631
3184	81631
10980	79016
11337	22907
6788	84557
9730	10987
2885	84557
6632	81631
55749	79443
7756	81631
1642	23710
11337	83743
1508	1762
6426	84557
1460	8667
27316	84557
3850	23710
6428	23710
3337	26100
1121	55703
377630	728419
2309	2631
10951	377630
4139	27005
1762	57599
8975	51133
3875	84669
8360	11345
1457	84557
2934	23710
10484	11345
3012	23710
11338	81631
10146	11273
79659	373509
2011	4140
8678	30849
5931	83734
83734	643246
3861	23710
51633	84154
9685	114884
1152	10208
10856	81631
506	11345
6165	11345
8314	11335
8666	8667
1503	23710
163	114884
5092	23710
3315	23710
6122	11345
23112	23710
11337	285175
2992	23710
4691	81631
23710	55920
65993	84132
6637	23710
9092	10713
8237	9972
114883	114884
6136	11337
2783	373509
2182	7405
6711	11345
9958	51691
9349	11345
5713	9861
6426	11337
23172	79184
9685	11337
4830	11274
4521	23710
23192	83734
4175	7874
801	10868
6201	11345
8314	221656
10131	11337
104	84557
6141	23710
3006	23710
8678	29982
6193	11345
5554	5565
23071	51720
8678	25851
23637	23710
11345	22907
7284	11345
5160	91833
57062	81631
9338	140597
5563	57620
8349	11337
7405	65082
5134	25862
5565	10276
6208	11337
3308	23710
9097	729540
26985	57599
9140	10533
1975	8667
11337	11338
9706	11337
3190	23710
7756	51100
57599	91833
5693	23710
2193	84669
1654	11345
55626	64422
8021	10146
29896	81631
23130	81631
8365	11345
23071	64854
1466	23710
5286	51479
5562	9706
7398	653499
9733	51202
642	54532
4522	23710
55737	84669
6318	8945
7405	81570
10482	11337
10963	25862
6224	23710
3006	11337
25939	84557
10598	81631
1121	11128
11337	64786
7405	57617
6188	11345
1207	10146
23710	51493
25862	51067
6208	23710
9119	23710
1649	283643
11345	80263
801	10645
8985	23710
9706	11140
3728	81631
5245	23710
2997	7405
9922	84557
51100	79073
8678	9669
6788	23192
10598	11345
8335	23710
23382	57599
23291	84557
5707	51377
55607	57599
2011	8878
11337	112802
10980	122769
6738	11345
9588	23710
11345	112802
1650	79184
84132	154796
5356	11345
8672	9100
10939	373509
5564	7053
821	11345
6788	81631
23710	286887
2309	5230
3608	11337
8520	11337
87	23710
27132	54532
57418	84132
4790	84557
2997	55593
3852	84557
9987	11337
5289	9711
5905	29086
9218	10868
6138	11337
6950	23710
9782	11337
6203	11345
5313	55593
6294	81631
10432	11337
10576	84557
11137	11337
3184	11345
9141	9338
5564	51422
6788	60485
22879	79443
5717	10868
1655	11337
292	84557
9821	51592
5641	728400
8361	23710
7203	23710
7520	81631
7398	51806
10146	79665
11337	91754
3868	11345
2157	84557
9338	56929
79863	84078
6128	23710
5725	81631
7405	8666
4077	11345
1737	23710
6204	23710
9913	23326
224	23710
9351	56957
6175	81631
9217	10868
3192	84557
1201	10280
8945	10844
3854	23710
160	84557
7072	84557
10015	84557
8678	80183
2631	6897
440	60673
6184	25862
1762	3419
9817	81628
3868	23710
23710	57819
1121	9688
64848	84132
9730	79016
377630	728393
8816	79016
25792	84557
10635	64854
9817	129831
4905	9482
8360	23710
1121	9939
6430	23710
11345	23130
23291	81631
5563	5564
9776	11345
23102	440738
7874	56252
6233	81631
7345	27005
10082	23710
3895	5713
1762	6388
10869	10985
874	23710
8678	10999
8678	51256
9790	84132
59349	84557
6146	11345
10987	50813
4869	23710
6426	81631
3843	440738
4698	8878
7866	10146
8573	9825
1917	23710
9861	51377
23291	27250
23130	55062
9908	29889
6625	11345
1121	9092
10521	84557
1915	11345
11186	23710
7073	23710
2011	3799
8508	11345
3337	23710
10015	11337
6160	11337
1662	9908
810	9958
4521	11337
3849	11337
2289	25862
5962	23035
7072	81631
1201	10989
8453	51100
54764	83992
8340	11345
55958	90293
7818	11337
1762	27037
6218	23710
23710	84078
23710	554313
6635	11337
6188	11337
1121	54468
8667	27335
10617	55611
83892	253980
23291	57695
1762	4698
5725	84557
23291	55031
875	11337
23710	26528
7375	64852
5571	9706
29086	57470
5563	9644
3187	11337
10197	11337
4130	84557
5464	84557
84557	113457
11337	285855
25862	55291
9706	9821
1659	84557
6137	11337
11345	25940
2155	8678
10645	10985
23710	83593
6169	81631
1762	2155
23130	440738
5565	5591
2011	4139
10726	23291
4069	29761
1201	57488
10868	144100
6160	84557
3189	84557
301	10208
3996	84078
4673	11345
9128	10713
1938	11337
5093	11337
7184	23710
23710	89890
54764	85369
7874	8833
6202	81631
1121	10291
6633	23710
23035	219333
6428	11345
51377	283899
5708	9097
5563	5571
10980	93611
8683	84557
10484	84557
5289	8237
2521	11345
3735	11345
2670	11337
2997	5565
10146	29889
1917	11345
6470	81631
6421	81631
8729	84078
84557	85440
10642	11337
7082	84078
811	23710
9958	10465
6418	84557
226	9958
6137	23710
23326	112869
8878	64965
9131	81631
9097	9352
55164	57599
5217	11345
10980	26263
11345	196374
2312	81631
23326	374654
54700	79101
23710	79876
9128	10907
11345	117531
7347	10868
23710	27161
5709	51377
51100	114034
2673	5563
8237	200845
5717	51377
8634	85015
23710	117159
5563	154796
9530	11337
4927	11345
3189	11337
8566	11337
8148	11337
7277	11345
2584	54726
3838	84557
6181	23710
5718	10868
84640	653499
4085	90293
8237	51512
5501	11345
81631	343069
1314	79016
873	79016
11345	22827
1660	11337
8361	11337
23048	23710
10869	23279
8453	23008
8689	54726
10868	729540
23524	81631
55213	84557
1475	11345
1828	7398
9733	51691
10484	81631
9817	54764
8668	9960
10128	60673
2631	5214
7295	11345
84557	192669
8340	10600
2318	26100
8570	84557
7405	11135
10165	84557
5519	54764
4085	9817
7018	23710
29086	84896
81631	157769
8833	51422
81631	126638
1653	11345
11345	23560
25851	64422
8148	23710
3030	11337
54958	84557
11186	11337
22803	84557
5702	5713
161582	440738
9131	11337
10980	163590
11152	23130
3301	11337
832	51720
8566	84557
23710	54958
6449	8266
7175	84557
6748	11337
1832	84557
9126	10645
996	8237
4798	51377
7157	57599
23326	25904
5339	23710
84101	116540
7405	23178
8878	9330
81631	91754
1994	81631
8362	23710
9748	9817
4343	84557
11345	22824
1837	2011
79101	84172
7874	83734
4637	85015
6191	11337
6144	23710
6150	84101
5036	56904
1201	23392
8453	10980
10972	23710
3310	23710
3376	11337
5701	51377
8237	114884
25851	79443
3312	11337
10713	10907
10713	24148
1938	81631
994	23291
5230	79016
6626	11345
8237	25885
55700	84557
4190	9474
5536	26100
10845	29086
593	23710
1069	84101
3030	8878
7072	11345
6741	11337
23291	25777
2664	53917
8237	83734
23710	117246
60	84557
9319	84669
5036	5571
11274	51780
7375	25804
3849	84557
10606	11345
5706	5713
1266	9474
11345	91754
3860	11345
2631	23710
4131	51422
9474	23710
10130	81631
11337	84557
6789	11345
4905	9342
7159	8678
5110	81631
10935	11345
8408	23710
2950	11337
7307	11337
57805	84078
55062	653499
11337	23048
2318	84557
3336	23710
79672	124739
11345	81027
6636	11345
5955	23710
23524	84132
10576	55054
3857	81631
9045	23710
5521	11337
51493	81631
55054	81631
11100	23710
9474	128178
5036	5562
6634	84557
6188	81631
23710	25873
140735	154796
5496	7874
10808	84557
3419	79016
7157	8237
11345	54926
9733	55133
9129	9733
4697	23710
8021	9908
3097	8945
27316	85015
11345	170506
60	11337
11103	25862
10987	55958
6191	81631
1152	9958
64854	219333
11198	23710
5304	29761
6133	11345
5565	55215
6742	81631
9716	57646
23326	389856
8878	63915
808	9929
11345	55342
10483	79443
9584	11337
27005	57673
10498	23710
5564	5571
81631	221937
7405	285190
5224	23710
8453	9338
7073	11337
2950	84557
5519	54532
6788	440738
10868	84271
10802	23710
79101	221830
3251	11337
4173	7874
10980	84261
5701	5713
3185	11337
11137	11345
2950	23710
5289	8678
392197	728400
11337	102724560
8678	53635
11337	51441
26097	84557
5562	5563
79876	81631
6738	23710
7529	91833
9821	29110
8678	81929
26100	284697
2956	84557
3188	81631
29086	60496
293	84557
9958	11157
10284	114884
6921	10980
2631	11345
9958	25804
9706	55705
5571	6897
11137	23710
6709	84557
10131	23710
79736	84078
10527	25862
5641	728379
9049	26100
5289	81037
1676	7405
9958	56257
8450	10987
8266	51608
5595	9706
1161	10987
7486	57599
8540	55054
4140	27005
6156	11337
8362	11337
6788	27101
9908	84154
9684	10980
3030	84557
11345	79068
3881	53917
383	54532
6141	11337
1973	11337
1201	5825
708	84557
3181	11345
84557	203068
377630	392197
1108	11337
5478	11345
2058	84557
8945	9817
3337	23130
6789	11337
5687	23710
10291	11337
3888	53917
9510	728393
10935	11337
7372	373509
9657	84557
23239	219333
10130	11345
506	81631
5700	9097
10987	23276
23165	373509
4736	23710
27005	55291
10533	11337
6233	23710
9474	23369
23710	56252
1213	23710
8678	23196
6129	84640
2670	23710
5289	22863
8975	27101
6709	11337
11345	27288
84557	343069
7398	8407
1762	2316
29761	253980
10291	84749
23521	23710
9685	11345
10383	23710
10885	57602
1121	23649
5436	84101
10574	11345
7529	124739
8878	81631
10291	440738
2975	84078
10131	11345
7398	126133
23243	27005
6229	23710
7203	81631
2997	81631
5554	11337
11186	81631
10491	57599
23326	27097
26039	84749
4905	8678
5230	56904
9685	81631
9524	84557
8878	81570
9531	26100
3181	84557
23193	79876
2288	11337
7280	11337
5214	26100
27316	81631
6146	23710
9821	221322
178	11345
7533	79931
10980	80311
4666	23710
6421	11337
10617	100526767
5134	124739
8689	9101
8237	9184
23640	26100
10921	84557
7184	79876
81631	161582
801	7405
1762	5214
9529	54726
23710	56648
1503	11345
2288	60673
3032	8878
79184	149371
2969	78990
5563	51422
2760	11345
8365	11337
9582	440738
4898	8945
23275	84557
224	11345
8218	84557
23035	81609
1936	81631
1111	91754
6627	57559
84557	90933
10432	84557
10189	11345
23450	23710
2316	23710
11345	388698
1824	23710
11171	11345
1642	55626
2091	11337
292	11337
4131	84557
11337	55661
9015	79101
23038	79016
6201	11337
5705	9097
3885	9958
1660	84557
3326	11345
5562	27044
56904	79876
5591	60673
55835	81631
9924	255967
5315	11345
3251	23710
23710	121504
2309	7529
3858	23710
9128	9410
2289	23239
1108	57602
10768	57599
81027	84557
988	11337
6788	8878
10980	54800
10075	25862
5563	9706
2992	5563
6738	11337
5356	11337
11337	50809
51056	79016
9100	10146
6217	84557
3608	11345
8314	51434
84749	84954
7520	11345
6119	79443
26528	81631
4691	84557
10980	81570
818	10869
6138	23710
6628	23710
10987	54800
6136	23710
54764	192111
8237	10111
11097	23710
51100	134430
9131	23710
4131	81631
10868	84706
96459	440738
5393	23710
23112	81631
29761	56897
821	23710
4340	54726
8237	29927
5275	23710
2631	9520
1984	11337
8636	9825
23192	55626
790	23710
3312	11345
3959	23710
23326	56943
6218	11345
1201	9319
23710	81027
6628	11345
6132	23710
6427	84557
3843	11337
3849	81631
4077	11337
23710	64786
6128	84557
226	114884
9577	23770
1823	7398
23710	96459
11337	54958
11345	83593
1201	119559
9013	79101
6632	11337
3308	81631
11337	96459
3320	84557
51	23710
383	11345
563	11345
29844	51377
9706	9776
5563	23031
1917	81631
3182	81631
6635	84557
3891	53917
6160	23710
10146	134430
9924	10574
4750	84557
11345	89890
7431	11345
10197	57599
9987	23710
8406	253980
2631	8508
1163	10980
3861	84557
3192	23710
6894	57599
10808	81631
3033	79876
6737	10869
9776	11337
3190	11345
79443	221937
6138	11345
9867	64854
26100	51150
10869	23770
3860	11337
6208	81631
10146	51720
25851	51112
11337	51013
1762	4942
23363	84078
392197	728419
