index	num_nodes_lcc
real	7
0	5.0
1	3.0
2	2.0
3	9.0
4	5.0
5	4.0
6	4.0
7	3.0
8	3.0
9	7.0
10	5.0
11	5.0
12	4.0
13	4.0
14	5.0
15	4.0
16	7.0
17	6.0
18	10.0
19	4.0
20	4.0
21	8.0
22	5.0
23	2.0
24	10.0
25	5.0
26	5.0
27	3.0
28	4.0
29	2.0
30	7.0
31	4.0
32	6.0
33	7.0
34	4.0
35	4.0
36	8.0
37	5.0
38	7.0
39	3.0
40	6.0
41	3.0
42	2.0
43	2.0
44	4.0
45	6.0
46	4.0
47	5.0
48	11.0
49	3.0
50	4.0
51	5.0
52	2.0
53	5.0
54	4.0
55	3.0
56	3.0
57	4.0
58	11.0
59	5.0
60	5.0
61	5.0
62	5.0
63	14.0
64	6.0
65	4.0
66	3.0
67	10.0
68	3.0
69	5.0
70	2.0
71	4.0
72	4.0
73	3.0
74	2.0
75	2.0
76	4.0
77	3.0
78	10.0
79	4.0
80	6.0
81	9.0
82	2.0
83	3.0
84	4.0
85	3.0
86	3.0
87	3.0
88	7.0
89	3.0
90	2.0
91	3.0
92	9.0
93	4.0
94	5.0
95	8.0
96	5.0
97	2.0
98	5.0
99	3.0
100	6.0
101	6.0
102	6.0
103	3.0
104	3.0
105	3.0
106	5.0
107	3.0
108	3.0
109	5.0
110	2.0
111	2.0
112	5.0
113	5.0
114	3.0
115	3.0
116	6.0
117	5.0
118	14.0
119	3.0
120	6.0
121	4.0
122	4.0
123	4.0
124	9.0
125	3.0
126	7.0
127	5.0
128	3.0
129	3.0
130	7.0
131	9.0
132	3.0
133	4.0
134	4.0
135	4.0
136	4.0
137	3.0
138	4.0
139	4.0
140	4.0
141	3.0
142	8.0
143	3.0
144	2.0
145	4.0
146	3.0
147	3.0
148	3.0
149	4.0
150	5.0
151	4.0
152	6.0
153	5.0
154	4.0
155	3.0
156	8.0
157	4.0
158	5.0
159	5.0
160	3.0
161	6.0
162	3.0
163	4.0
164	6.0
165	6.0
166	10.0
167	2.0
168	6.0
169	8.0
170	3.0
171	7.0
172	3.0
173	3.0
174	5.0
175	4.0
176	3.0
177	6.0
178	6.0
179	5.0
180	4.0
181	10.0
182	3.0
183	3.0
184	3.0
185	4.0
186	6.0
187	5.0
188	11.0
189	3.0
190	4.0
191	4.0
192	2.0
193	11.0
194	4.0
195	3.0
196	7.0
197	8.0
198	4.0
199	3.0
200	3.0
201	2.0
202	3.0
203	3.0
204	4.0
205	4.0
206	10.0
207	3.0
208	2.0
209	5.0
210	5.0
211	4.0
212	8.0
213	6.0
214	7.0
215	4.0
216	8.0
217	6.0
218	4.0
219	4.0
220	6.0
221	3.0
222	4.0
223	5.0
224	2.0
225	4.0
226	5.0
227	5.0
228	4.0
229	2.0
230	3.0
231	6.0
232	5.0
233	7.0
234	5.0
235	4.0
236	4.0
237	2.0
238	3.0
239	3.0
240	3.0
241	6.0
242	4.0
243	5.0
244	4.0
245	3.0
246	6.0
247	3.0
248	6.0
249	5.0
250	3.0
251	6.0
252	11.0
253	4.0
254	3.0
255	8.0
256	3.0
257	3.0
258	4.0
259	4.0
260	3.0
261	4.0
262	4.0
263	7.0
264	8.0
265	4.0
266	6.0
267	4.0
268	3.0
269	3.0
270	3.0
271	6.0
272	3.0
273	9.0
274	8.0
275	4.0
276	4.0
277	4.0
278	6.0
279	3.0
280	3.0
281	4.0
282	5.0
283	4.0
284	6.0
285	7.0
286	5.0
287	5.0
288	6.0
289	3.0
290	5.0
291	6.0
292	5.0
293	3.0
294	6.0
295	3.0
296	5.0
297	3.0
298	7.0
299	4.0
300	4.0
301	3.0
302	2.0
303	3.0
304	4.0
305	8.0
306	8.0
307	4.0
308	4.0
309	5.0
310	3.0
311	5.0
312	7.0
313	4.0
314	4.0
315	4.0
316	3.0
317	3.0
318	3.0
319	5.0
320	5.0
321	2.0
322	6.0
323	3.0
324	4.0
325	7.0
326	3.0
327	4.0
328	12.0
329	5.0
330	2.0
331	3.0
332	5.0
333	3.0
334	5.0
335	6.0
336	8.0
337	5.0
338	2.0
339	3.0
340	3.0
341	4.0
342	5.0
343	4.0
344	5.0
345	8.0
346	5.0
347	6.0
348	4.0
349	3.0
350	8.0
351	4.0
352	3.0
353	4.0
354	3.0
355	3.0
356	6.0
357	3.0
358	2.0
359	5.0
360	3.0
361	6.0
362	5.0
363	6.0
364	7.0
365	4.0
366	4.0
367	6.0
368	2.0
369	6.0
370	7.0
371	3.0
372	3.0
373	4.0
374	4.0
375	2.0
376	3.0
377	4.0
378	3.0
379	3.0
380	6.0
381	4.0
382	4.0
383	5.0
384	7.0
385	4.0
386	7.0
387	5.0
388	5.0
389	5.0
390	4.0
391	5.0
392	6.0
393	4.0
394	3.0
395	5.0
396	11.0
397	4.0
398	3.0
399	4.0
400	3.0
401	3.0
402	3.0
403	5.0
404	8.0
405	3.0
406	3.0
407	6.0
408	4.0
409	4.0
410	5.0
411	3.0
412	3.0
413	4.0
414	9.0
415	3.0
416	4.0
417	8.0
418	6.0
419	4.0
420	4.0
421	5.0
422	3.0
423	7.0
424	3.0
425	7.0
426	4.0
427	5.0
428	4.0
429	4.0
430	4.0
431	8.0
432	7.0
433	4.0
434	4.0
435	4.0
436	4.0
437	4.0
438	5.0
439	4.0
440	8.0
441	3.0
442	6.0
443	3.0
444	7.0
445	4.0
446	4.0
447	6.0
448	3.0
449	3.0
450	3.0
451	6.0
452	3.0
453	3.0
454	3.0
455	5.0
456	2.0
457	4.0
458	5.0
459	4.0
460	4.0
461	7.0
462	7.0
463	7.0
464	3.0
465	5.0
466	2.0
467	2.0
468	3.0
469	8.0
470	3.0
471	6.0
472	4.0
473	6.0
474	4.0
475	9.0
476	4.0
477	4.0
478	5.0
479	3.0
480	7.0
481	4.0
482	3.0
483	4.0
484	10.0
485	2.0
486	3.0
487	3.0
488	9.0
489	8.0
490	5.0
491	5.0
492	3.0
493	3.0
494	3.0
495	5.0
496	4.0
497	3.0
498	4.0
499	3.0
500	6.0
501	10.0
502	4.0
503	3.0
504	4.0
505	5.0
506	9.0
507	2.0
508	6.0
509	6.0
510	13.0
511	5.0
512	5.0
513	4.0
514	3.0
515	11.0
516	5.0
517	4.0
518	8.0
519	5.0
520	6.0
521	3.0
522	5.0
523	4.0
524	7.0
525	2.0
526	3.0
527	5.0
528	5.0
529	7.0
530	3.0
531	3.0
532	4.0
533	2.0
534	11.0
535	12.0
536	3.0
537	3.0
538	3.0
539	5.0
540	9.0
541	10.0
542	6.0
543	3.0
544	5.0
545	5.0
546	4.0
547	4.0
548	4.0
549	5.0
550	6.0
551	5.0
552	3.0
553	2.0
554	7.0
555	3.0
556	3.0
557	8.0
558	8.0
559	6.0
560	11.0
561	3.0
562	3.0
563	3.0
564	6.0
565	8.0
566	4.0
567	6.0
568	2.0
569	3.0
570	4.0
571	5.0
572	6.0
573	5.0
574	5.0
575	3.0
576	3.0
577	2.0
578	8.0
579	4.0
580	6.0
581	6.0
582	8.0
583	4.0
584	4.0
585	4.0
586	5.0
587	6.0
588	2.0
589	7.0
590	10.0
591	4.0
592	4.0
593	8.0
594	5.0
595	6.0
596	3.0
597	3.0
598	3.0
599	4.0
600	3.0
601	5.0
602	3.0
603	7.0
604	4.0
605	7.0
606	2.0
607	4.0
608	3.0
609	5.0
610	4.0
611	3.0
612	4.0
613	4.0
614	3.0
615	3.0
616	11.0
617	11.0
618	2.0
619	4.0
620	3.0
621	6.0
622	4.0
623	4.0
624	4.0
625	3.0
626	6.0
627	3.0
628	5.0
629	6.0
630	3.0
631	3.0
632	6.0
633	5.0
634	4.0
635	7.0
636	7.0
637	6.0
638	4.0
639	3.0
640	9.0
641	12.0
642	3.0
643	3.0
644	6.0
645	3.0
646	6.0
647	3.0
648	3.0
649	4.0
650	3.0
651	4.0
652	14.0
653	6.0
654	6.0
655	2.0
656	6.0
657	3.0
658	5.0
659	6.0
660	7.0
661	4.0
662	6.0
663	7.0
664	4.0
665	3.0
666	6.0
667	9.0
668	10.0
669	6.0
670	4.0
671	7.0
672	3.0
673	4.0
674	3.0
675	3.0
676	4.0
677	3.0
678	4.0
679	5.0
680	2.0
681	9.0
682	3.0
683	4.0
684	3.0
685	7.0
686	4.0
687	5.0
688	6.0
689	6.0
690	7.0
691	3.0
692	5.0
693	4.0
694	2.0
695	11.0
696	3.0
697	5.0
698	4.0
699	2.0
700	3.0
701	4.0
702	3.0
703	5.0
704	3.0
705	13.0
706	4.0
707	3.0
708	4.0
709	7.0
710	4.0
711	3.0
712	4.0
713	2.0
714	6.0
715	3.0
716	4.0
717	4.0
718	4.0
719	5.0
720	3.0
721	5.0
722	5.0
723	8.0
724	2.0
725	4.0
726	10.0
727	4.0
728	4.0
729	4.0
730	2.0
731	5.0
732	10.0
733	8.0
734	6.0
735	10.0
736	4.0
737	2.0
738	9.0
739	4.0
740	11.0
741	3.0
742	5.0
743	4.0
744	5.0
745	6.0
746	3.0
747	3.0
748	6.0
749	4.0
750	3.0
751	6.0
752	3.0
753	3.0
754	5.0
755	3.0
756	5.0
757	4.0
758	5.0
759	9.0
760	4.0
761	6.0
762	7.0
763	4.0
764	4.0
765	5.0
766	7.0
767	7.0
768	4.0
769	5.0
770	4.0
771	5.0
772	6.0
773	3.0
774	4.0
775	2.0
776	6.0
777	8.0
778	12.0
779	4.0
780	8.0
781	7.0
782	5.0
783	6.0
784	5.0
785	8.0
786	4.0
787	4.0
788	3.0
789	2.0
790	4.0
791	5.0
792	3.0
793	3.0
794	4.0
795	3.0
796	5.0
797	6.0
798	6.0
799	8.0
800	4.0
801	6.0
802	5.0
803	5.0
804	3.0
805	8.0
806	3.0
807	3.0
808	4.0
809	4.0
810	3.0
811	3.0
812	6.0
813	6.0
814	8.0
815	7.0
816	4.0
817	3.0
818	5.0
819	6.0
820	5.0
821	7.0
822	8.0
823	4.0
824	4.0
825	4.0
826	4.0
827	3.0
828	10.0
829	6.0
830	3.0
831	5.0
832	3.0
833	3.0
834	6.0
835	4.0
836	7.0
837	5.0
838	4.0
839	3.0
840	7.0
841	3.0
842	4.0
843	2.0
844	9.0
845	2.0
846	7.0
847	5.0
848	2.0
849	2.0
850	4.0
851	5.0
852	6.0
853	8.0
854	5.0
855	3.0
856	2.0
857	4.0
858	3.0
859	3.0
860	6.0
861	8.0
862	3.0
863	4.0
864	7.0
865	3.0
866	8.0
867	3.0
868	5.0
869	4.0
870	3.0
871	4.0
872	2.0
873	4.0
874	4.0
875	3.0
876	7.0
877	5.0
878	7.0
879	6.0
880	5.0
881	3.0
882	3.0
883	4.0
884	4.0
885	4.0
886	2.0
887	6.0
888	4.0
889	5.0
890	4.0
891	4.0
892	4.0
893	3.0
894	9.0
895	4.0
896	6.0
897	3.0
898	8.0
899	4.0
900	5.0
901	8.0
902	3.0
903	7.0
904	9.0
905	5.0
906	7.0
907	4.0
908	5.0
909	5.0
910	5.0
911	5.0
912	2.0
913	5.0
914	6.0
915	5.0
916	6.0
917	4.0
918	8.0
919	3.0
920	3.0
921	7.0
922	6.0
923	7.0
924	6.0
925	5.0
926	9.0
927	4.0
928	5.0
929	5.0
930	4.0
931	9.0
932	3.0
933	5.0
934	3.0
935	5.0
936	4.0
937	4.0
938	3.0
939	3.0
940	3.0
941	4.0
942	6.0
943	9.0
944	3.0
945	4.0
946	9.0
947	8.0
948	7.0
949	3.0
950	7.0
951	4.0
952	5.0
953	2.0
954	6.0
955	3.0
956	7.0
957	5.0
958	5.0
959	5.0
960	3.0
961	6.0
962	3.0
963	5.0
964	4.0
965	3.0
966	4.0
967	7.0
968	5.0
969	4.0
970	3.0
971	5.0
972	2.0
973	6.0
974	4.0
975	6.0
976	5.0
977	7.0
978	3.0
979	3.0
980	5.0
981	5.0
982	4.0
983	4.0
984	5.0
985	4.0
986	2.0
987	3.0
988	4.0
989	3.0
990	4.0
991	3.0
992	4.0
993	10.0
994	3.0
995	4.0
996	5.0
997	5.0
998	4.0
999	8.0
