index	num_nodes_lcc
real	25
0	7.0
1	3.0
2	3.0
3	4.0
4	5.0
5	2.0
6	5.0
7	2.0
8	2.0
9	11.0
10	4.0
11	3.0
12	8.0
13	5.0
14	4.0
15	3.0
16	3.0
17	2.0
18	4.0
19	5.0
20	3.0
21	6.0
22	2.0
23	5.0
24	4.0
25	3.0
26	5.0
27	3.0
28	5.0
29	2.0
30	2.0
31	3.0
32	4.0
33	2.0
34	3.0
35	4.0
36	2.0
37	2.0
38	5.0
39	2.0
40	2.0
41	5.0
42	5.0
43	4.0
44	6.0
45	4.0
46	2.0
47	3.0
48	3.0
49	3.0
50	3.0
51	2.0
52	2.0
53	2.0
54	3.0
55	3.0
56	4.0
57	3.0
58	2.0
59	3.0
60	3.0
61	3.0
62	2.0
63	2.0
64	3.0
65	5.0
66	5.0
67	3.0
68	6.0
69	3.0
70	3.0
71	4.0
72	2.0
73	3.0
74	4.0
75	2.0
76	3.0
77	5.0
78	6.0
79	3.0
80	7.0
81	2.0
82	1.0
83	3.0
84	3.0
85	3.0
86	2.0
87	4.0
88	4.0
89	3.0
90	2.0
91	5.0
92	3.0
93	3.0
94	2.0
95	3.0
96	3.0
97	3.0
98	3.0
99	5.0
100	3.0
101	2.0
102	3.0
103	2.0
104	3.0
105	3.0
106	7.0
107	3.0
108	10.0
109	2.0
110	2.0
111	3.0
112	5.0
113	5.0
114	2.0
115	2.0
116	5.0
117	6.0
118	3.0
119	3.0
120	3.0
121	3.0
122	3.0
123	2.0
124	3.0
125	2.0
126	4.0
127	5.0
128	4.0
129	5.0
130	3.0
131	3.0
132	5.0
133	3.0
134	3.0
135	5.0
136	4.0
137	3.0
138	4.0
139	3.0
140	3.0
141	2.0
142	4.0
143	4.0
144	8.0
145	3.0
146	3.0
147	3.0
148	3.0
149	2.0
150	2.0
151	3.0
152	2.0
153	4.0
154	4.0
155	4.0
156	6.0
157	4.0
158	5.0
159	4.0
160	2.0
161	4.0
162	5.0
163	2.0
164	4.0
165	2.0
166	2.0
167	2.0
168	3.0
169	3.0
170	6.0
171	4.0
172	4.0
173	3.0
174	4.0
175	4.0
176	3.0
177	3.0
178	3.0
179	3.0
180	2.0
181	4.0
182	6.0
183	3.0
184	3.0
185	3.0
186	3.0
187	5.0
188	2.0
189	3.0
190	4.0
191	3.0
192	4.0
193	5.0
194	5.0
195	3.0
196	2.0
197	2.0
198	3.0
199	4.0
200	3.0
201	4.0
202	3.0
203	3.0
204	3.0
205	2.0
206	6.0
207	4.0
208	2.0
209	8.0
210	2.0
211	4.0
212	3.0
213	2.0
214	8.0
215	3.0
216	2.0
217	4.0
218	2.0
219	2.0
220	7.0
221	5.0
222	4.0
223	3.0
224	4.0
225	4.0
226	3.0
227	3.0
228	3.0
229	2.0
230	3.0
231	3.0
232	3.0
233	2.0
234	2.0
235	3.0
236	3.0
237	2.0
238	3.0
239	2.0
240	2.0
241	2.0
242	5.0
243	3.0
244	6.0
245	2.0
246	3.0
247	5.0
248	2.0
249	2.0
250	2.0
251	4.0
252	5.0
253	2.0
254	3.0
255	7.0
256	6.0
257	3.0
258	3.0
259	2.0
260	3.0
261	4.0
262	3.0
263	3.0
264	3.0
265	2.0
266	2.0
267	6.0
268	4.0
269	3.0
270	4.0
271	3.0
272	2.0
273	2.0
274	3.0
275	3.0
276	2.0
277	4.0
278	6.0
279	3.0
280	2.0
281	2.0
282	5.0
283	7.0
284	3.0
285	3.0
286	3.0
287	4.0
288	2.0
289	2.0
290	3.0
291	4.0
292	2.0
293	3.0
294	4.0
295	2.0
296	3.0
297	4.0
298	2.0
299	3.0
300	4.0
301	3.0
302	3.0
303	1.0
304	3.0
305	3.0
306	6.0
307	2.0
308	3.0
309	5.0
310	4.0
311	5.0
312	4.0
313	4.0
314	4.0
315	3.0
316	5.0
317	3.0
318	2.0
319	3.0
320	3.0
321	2.0
322	7.0
323	2.0
324	3.0
325	3.0
326	8.0
327	3.0
328	5.0
329	4.0
330	3.0
331	3.0
332	2.0
333	5.0
334	6.0
335	3.0
336	4.0
337	3.0
338	3.0
339	2.0
340	3.0
341	4.0
342	3.0
343	2.0
344	4.0
345	3.0
346	3.0
347	8.0
348	4.0
349	5.0
350	3.0
351	2.0
352	3.0
353	3.0
354	4.0
355	3.0
356	4.0
357	2.0
358	2.0
359	3.0
360	3.0
361	3.0
362	2.0
363	2.0
364	4.0
365	5.0
366	3.0
367	2.0
368	4.0
369	3.0
370	3.0
371	4.0
372	2.0
373	4.0
374	3.0
375	5.0
376	4.0
377	3.0
378	5.0
379	3.0
380	2.0
381	5.0
382	2.0
383	3.0
384	2.0
385	4.0
386	5.0
387	4.0
388	3.0
389	3.0
390	4.0
391	3.0
392	3.0
393	2.0
394	3.0
395	2.0
396	3.0
397	3.0
398	3.0
399	3.0
400	3.0
401	6.0
402	3.0
403	4.0
404	4.0
405	3.0
406	3.0
407	3.0
408	6.0
409	2.0
410	3.0
411	3.0
412	3.0
413	3.0
414	3.0
415	3.0
416	3.0
417	6.0
418	1.0
419	2.0
420	2.0
421	4.0
422	2.0
423	3.0
424	2.0
425	3.0
426	3.0
427	2.0
428	3.0
429	2.0
430	2.0
431	3.0
432	2.0
433	3.0
434	3.0
435	3.0
436	5.0
437	3.0
438	3.0
439	4.0
440	6.0
441	3.0
442	3.0
443	3.0
444	5.0
445	3.0
446	3.0
447	4.0
448	3.0
449	4.0
450	7.0
451	4.0
452	4.0
453	4.0
454	3.0
455	3.0
456	2.0
457	3.0
458	4.0
459	3.0
460	5.0
461	5.0
462	3.0
463	4.0
464	3.0
465	2.0
466	2.0
467	2.0
468	2.0
469	3.0
470	2.0
471	3.0
472	3.0
473	3.0
474	2.0
475	2.0
476	2.0
477	2.0
478	4.0
479	9.0
480	2.0
481	2.0
482	6.0
483	3.0
484	4.0
485	3.0
486	3.0
487	3.0
488	4.0
489	2.0
490	4.0
491	3.0
492	5.0
493	3.0
494	3.0
495	2.0
496	5.0
497	2.0
498	5.0
499	3.0
500	2.0
501	3.0
502	3.0
503	5.0
504	6.0
505	2.0
506	5.0
507	3.0
508	3.0
509	4.0
510	4.0
511	2.0
512	3.0
513	4.0
514	3.0
515	4.0
516	3.0
517	5.0
518	3.0
519	3.0
520	4.0
521	6.0
522	5.0
523	2.0
524	2.0
525	3.0
526	5.0
527	2.0
528	2.0
529	3.0
530	2.0
531	3.0
532	2.0
533	3.0
534	2.0
535	2.0
536	7.0
537	3.0
538	5.0
539	5.0
540	4.0
541	3.0
542	4.0
543	4.0
544	7.0
545	4.0
546	3.0
547	2.0
548	2.0
549	4.0
550	6.0
551	3.0
552	3.0
553	2.0
554	3.0
555	5.0
556	3.0
557	5.0
558	3.0
559	4.0
560	6.0
561	3.0
562	4.0
563	2.0
564	2.0
565	7.0
566	4.0
567	4.0
568	2.0
569	4.0
570	4.0
571	5.0
572	4.0
573	2.0
574	5.0
575	4.0
576	3.0
577	4.0
578	4.0
579	2.0
580	2.0
581	3.0
582	4.0
583	7.0
584	5.0
585	2.0
586	3.0
587	2.0
588	2.0
589	3.0
590	3.0
591	6.0
592	5.0
593	5.0
594	6.0
595	5.0
596	2.0
597	6.0
598	4.0
599	4.0
600	2.0
601	4.0
602	4.0
603	4.0
604	3.0
605	5.0
606	3.0
607	2.0
608	3.0
609	4.0
610	4.0
611	3.0
612	2.0
613	3.0
614	5.0
615	3.0
616	2.0
617	2.0
618	5.0
619	2.0
620	3.0
621	4.0
622	3.0
623	3.0
624	4.0
625	4.0
626	3.0
627	3.0
628	2.0
629	3.0
630	3.0
631	3.0
632	3.0
633	5.0
634	3.0
635	3.0
636	6.0
637	2.0
638	6.0
639	2.0
640	3.0
641	2.0
642	2.0
643	5.0
644	4.0
645	3.0
646	3.0
647	3.0
648	3.0
649	5.0
650	3.0
651	2.0
652	3.0
653	3.0
654	2.0
655	3.0
656	8.0
657	4.0
658	2.0
659	3.0
660	3.0
661	3.0
662	2.0
663	3.0
664	3.0
665	2.0
666	3.0
667	3.0
668	7.0
669	3.0
670	8.0
671	3.0
672	3.0
673	5.0
674	3.0
675	2.0
676	4.0
677	4.0
678	2.0
679	3.0
680	2.0
681	7.0
682	2.0
683	2.0
684	3.0
685	5.0
686	6.0
687	2.0
688	2.0
689	4.0
690	4.0
691	2.0
692	4.0
693	4.0
694	1.0
695	3.0
696	3.0
697	4.0
698	7.0
699	2.0
700	3.0
701	4.0
702	3.0
703	2.0
704	4.0
705	3.0
706	2.0
707	3.0
708	3.0
709	5.0
710	5.0
711	2.0
712	3.0
713	4.0
714	3.0
715	4.0
716	3.0
717	2.0
718	2.0
719	2.0
720	5.0
721	3.0
722	5.0
723	3.0
724	4.0
725	2.0
726	5.0
727	3.0
728	3.0
729	5.0
730	2.0
731	4.0
732	3.0
733	3.0
734	2.0
735	2.0
736	3.0
737	3.0
738	4.0
739	2.0
740	4.0
741	2.0
742	4.0
743	2.0
744	5.0
745	3.0
746	6.0
747	2.0
748	2.0
749	3.0
750	4.0
751	3.0
752	3.0
753	3.0
754	2.0
755	4.0
756	6.0
757	2.0
758	7.0
759	5.0
760	2.0
761	4.0
762	4.0
763	2.0
764	2.0
765	3.0
766	5.0
767	6.0
768	4.0
769	7.0
770	3.0
771	2.0
772	2.0
773	3.0
774	3.0
775	2.0
776	4.0
777	4.0
778	3.0
779	4.0
780	5.0
781	3.0
782	3.0
783	2.0
784	6.0
785	2.0
786	2.0
787	2.0
788	3.0
789	5.0
790	5.0
791	3.0
792	3.0
793	5.0
794	3.0
795	2.0
796	2.0
797	3.0
798	2.0
799	4.0
800	2.0
801	3.0
802	2.0
803	3.0
804	4.0
805	5.0
806	2.0
807	2.0
808	2.0
809	2.0
810	2.0
811	2.0
812	3.0
813	3.0
814	4.0
815	3.0
816	2.0
817	3.0
818	4.0
819	4.0
820	3.0
821	3.0
822	5.0
823	6.0
824	7.0
825	6.0
826	4.0
827	3.0
828	3.0
829	3.0
830	6.0
831	2.0
832	3.0
833	3.0
834	4.0
835	5.0
836	3.0
837	2.0
838	2.0
839	3.0
840	2.0
841	4.0
842	3.0
843	3.0
844	5.0
845	1.0
846	3.0
847	3.0
848	4.0
849	5.0
850	4.0
851	4.0
852	3.0
853	2.0
854	3.0
855	2.0
856	2.0
857	3.0
858	5.0
859	2.0
860	4.0
861	11.0
862	5.0
863	3.0
864	3.0
865	2.0
866	2.0
867	3.0
868	3.0
869	2.0
870	2.0
871	2.0
872	4.0
873	2.0
874	3.0
875	4.0
876	3.0
877	3.0
878	3.0
879	3.0
880	4.0
881	3.0
882	3.0
883	4.0
884	2.0
885	5.0
886	2.0
887	3.0
888	2.0
889	4.0
890	2.0
891	4.0
892	4.0
893	3.0
894	3.0
895	2.0
896	3.0
897	2.0
898	7.0
899	2.0
900	3.0
901	4.0
902	4.0
903	5.0
904	2.0
905	2.0
906	4.0
907	4.0
908	3.0
909	4.0
910	2.0
911	3.0
912	2.0
913	4.0
914	4.0
915	6.0
916	4.0
917	2.0
918	2.0
919	2.0
920	3.0
921	3.0
922	7.0
923	2.0
924	2.0
925	4.0
926	5.0
927	3.0
928	4.0
929	3.0
930	2.0
931	2.0
932	5.0
933	4.0
934	2.0
935	4.0
936	7.0
937	2.0
938	6.0
939	2.0
940	3.0
941	5.0
942	2.0
943	2.0
944	7.0
945	3.0
946	3.0
947	3.0
948	2.0
949	3.0
950	4.0
951	2.0
952	2.0
953	3.0
954	2.0
955	2.0
956	3.0
957	4.0
958	10.0
959	5.0
960	4.0
961	3.0
962	3.0
963	2.0
964	2.0
965	3.0
966	4.0
967	2.0
968	4.0
969	3.0
970	4.0
971	3.0
972	4.0
973	3.0
974	4.0
975	2.0
976	4.0
977	6.0
978	5.0
979	3.0
980	2.0
981	7.0
982	6.0
983	4.0
984	2.0
985	3.0
986	3.0
987	2.0
988	4.0
989	7.0
990	4.0
991	3.0
992	6.0
993	7.0
994	5.0
995	4.0
996	2.0
997	3.0
998	3.0
999	5.0
