geneID_A	geneID_B
1891	2079
1891	84833
1891	147228
10455	10923
84461	84790
3799	84461
6603	10455
55662	200081
55662	84451
1495	8924
817	9126
1805	8924
8924	10128
8924	55700
7965	84461
7337	55700
817	818
8924	286887
7337	79884
8924	60386
8924	29843
55662	92140
64283	84461
4952	8924
25912	84461
5905	84461
7337	8287
55662	79169
8924	57414
6643	8924
4134	84461
4650	8924
8924	10868
8924	81502
8924	60626
815	817
427	8924
51520	84461
817	9867
3936	8924
23368	84461
817	2289
79871	84461
84461	114294
495	8924
817	7407
1191	8924
8662	8924
8664	8924
1891	5445
8924	144501
817	10152
1891	3880
54851	55662
8924	119559
84461	84498
8924	25813
26523	55662
3008	7337
8924	79568
5203	8924
817	9820
3895	7337
8924	11135
642	8924
8924	27101
10382	84461
8079	8924
8924	8925
8897	8924
6272	8924
8924	54939
3884	84461
10455	144501
817	9219
10455	83737
8924	79858
8924	25953
2581	10455
1891	5597
6426	55662
7411	8924
817	22920
8924	10113
8924	23363
9439	84461
2314	8924
27127	84461
7077	7337
8924	24149
8924	10423
7337	9690
8924	150684
8924	23224
10342	55662
9546	55662
1891	134147
1891	4131
817	1856
8924	124997
5437	84461
8924	80198
1891	79590
8192	84461
8661	8924
8663	8924
1891	10985
10455	84461
5783	84461
161	817
79576	84461
9255	84461
817	9985
8924	10972
8396	55662
8924	50628
4644	84461
321	817
51654	84461
26036	84461
3133	8924
7337	23363
8924	11319
7337	58526
7337	9352
1891	6711
817	2317
8924	116143
8924	10058
1114	1891
7337	347733
817	25948
23317	84461
55226	84461
8924	390531
10920	84461
8924	134492
1891	55215
1891	10962
6311	8924
1891	2581
8924	26046
26273	84461
6789	84461
84461	253959
291	84461
1891	3107
1891	10455
7337	51377
8924	11079
8924	10381
3321	84461
5204	8924
8924	56993
10455	345651
8924	22820
817	3636
5933	84461
80184	84461
1499	8924
55662	79443
1891	5499
1891	84461
5167	8924
8924	9859
1891	144568
1981	8924
8924	23412
1399	8924
817	94241
3800	84461
5597	55219
7337	8689
8289	55662
8924	51741
1891	10802
9857	84461
9748	84461
10455	57492
5255	8924
9967	10455
8924	10999
8924	9119
6597	55662
57509	84461
8689	84461
8924	54927
8924	112495
6407	8924
817	10006
3831	84461
7337	25814
1891	4201
817	9737
817	23191
5597	10999
1891	54788
8604	8924
55662	79576
563	1891
8924	22931
817	57448
2181	8924
7453	84461
10455	27288
8924	79803
817	85451
8924	9972
8924	10985
1891	26046
84461	84617
3895	8924
1891	8826
8924	10844
5597	259266
817	29110
8924	51065
2316	8924
405	8924
57514	84461
8924	117178
1472	8924
55210	84461
1891	51429
8924	80206
5431	84461
1891	8289
5597	55700
2289	8924
817	7791
550	8924
10988	84461
3106	7337
817	5830
1891	6603
8924	9757
9738	84461
8924	51199
5597	63875
8924	11001
817	80279
817	8243
4175	7337
8239	84461
8924	29062
6595	55662
8924	11234
23367	55662
57148	84461
7337	10295
8924	63893
1468	8924
2746	84461
817	6773
8924	56926
8924	79861
23	84461
6499	84461
1891	6709
2968	84461
369	8924
9733	55662
817	55275
1891	2512
22890	84461
7266	84461
1891	57690
1891	7965
55697	84461
3933	7337
54882	84461
5771	7337
55662	286887
8924	23384
636	8924
817	124044
5597	8239
1891	2760
79884	84461
55662	140461
817	23148
808	84461
1891	3728
1891	29088
51602	55662
10455	57690
675	84461
1891	7337
8924	9700
6328	84461
7337	51071
6595	10455
8924	55088
817	8975
1315	8924
63893	84461
817	10163
8924	79726
7984	8924
10455	79983
9859	84461
6192	7337
8732	8924
5597	8924
8924	9517
7337	375748
3136	8924
2886	8924
7337	8924
3890	84461
8239	8924
55662	149465
817	7024
8924	84617
10455	147228
1993	55662
3854	84461
1891	10497
817	3708
81488	84461
8924	50717
8924	54552
8663	84461
84461	91754
5296	5597
8924	56850
8924	83642
8667	8924
8924	23390
8924	22862
6118	8924
8924	55215
6322	84461
3107	8924
8924	201292
8725	8924
817	85440
23598	84461
1063	84461
10342	10455
3646	8924
5824	8924
817	23558
7919	55662
816	817
4201	10455
2746	8924
4507	84461
7337	7408
2495	7337
5597	27037
8924	253143
28988	84461
7337	9859
8289	10455
8924	27335
1314	8924
6603	84461
54438	84461
8924	9372
8924	29090
8924	84461
801	7337
5245	7337
6329	84461
5430	84461
9124	10455
1891	10423
8924	51386
55173	55662
55662	84790
8924	56997
5597	9212
8924	9731
2686	8924
8924	51122
10534	84461
8924	28952
7337	728378
2965	84461
8924	81929
5862	8924
25831	55662
9652	84461
55699	84461
3854	8924
7337	9738
5887	7337
1891	348262
995	8924
8924	9761
817	1500
1973	7337
8924	157922
1891	57492
7337	64397
55662	84498
7298	8924
1891	1993
10455	56252
5597	84461
1891	8604
25953	84461
7337	8335
9274	55662
7337	84461
54819	84461
8924	126328
8924	10910
8924	51377
5710	7337
8110	55662
8668	8924
8924	84726
84461	317762
5597	51065
1891	84188
8924	259266
1891	200316
8924	342897
5597	8663
10260	84461
10455	79169
8924	55227
7337	8663
1891	81567
1891	5500
8924	9997
8924	10455
1063	7337
817	9500
1374	8924
8924	201164
57492	84461
817	157922
6626	55662
51329	84461
372	8924
55662	57492
8924	91833
8924	84733
6144	7337
817	10513
817	10787
4173	7337
23294	55662
3119	8924
8924	51647
8924	64860
2222	5597
3921	7337
8924	10480
8924	57510
3105	8924
8924	10471
64397	84461
817	139285
2045	8924
5597	9747
8924	10672
817	51366
8924	26958
689	817
5495	8924
4131	84461
1891	338785
5901	7337
5597	9859
2876	8924
605	55662
8924	11260
7337	7763
7337	10455
8409	8924
5597	253943
7337	79613
8924	100499483
1891	3872
8924	284403
7337	54469
1891	11260
10455	51429
817	84461
8924	80004
8924	27037
8924	54951
8239	10455
8533	84461
2222	8924
5597	7337
5597	7982
5597	6790
6418	8924
8924	55127
817	22853
1891	79576
51258	55662
4548	8924
51247	55662
8924	58533
51087	55662
8924	80224
29922	84461
10592	84461
7464	84461
796	8924
5597	51592
817	28988
8924	84343
8924	54465
3854	7337
8110	10455
8924	10945
55662	283373
291	8924
817	54751
1891	221184
7337	266971
8924	10463
8924	10112
817	6607
1452	1891
7337	28834
817	23268
84260	84461
5770	8924
8924	57599
4288	8924
1266	8924
7337	10600
29	8924
6595	84461
1891	10342
4507	7337
8550	84461
8924	54468
5304	7337
10869	84461
9879	55662
8260	84461
1374	84461
3835	8924
5347	5597
8924	84219
1891	6595
8924	146956
6602	10455
8924	83871
8924	55871
7337	9097
8924	11316
6335	84461
79598	84461
8924	114294
817	3797
8924	55858
3854	10455
8924	9276
9958	84461
5597	9704
5440	84461
1891	22992
3895	84461
5108	8924
2512	8924
2071	84461
5476	8924
1891	8110
8924	79657
8604	84461
817	55728
817	64778
6603	55662
6139	7337
7337	23089
7337	51520
1891	65080
5257	8924
7337	8359
2965	7337
8924	25814
8924	116988
10455	55052
5189	8924
2181	84461
6311	55662
7337	55662
3646	7337
1891	84790
7337	55139
1891	7415
8924	138311
1891	56243
4645	84461
8924	27043
8031	8924
5936	55662
8924	148398
8924	57506
4000	8924
1891	5046
8924	150472
7337	552900
8924	9648
817	5970
8924	22818
8527	84461
2495	8924
1891	91754
7337	10910
2746	7337
708	84461
5352	84461
8924	219743
8924	89874
1891	83737
10455	79576
8924	55787
823	84461
55662	347733
8924	23557
8924	26025
8924	9765
8924	84790
817	26999
55662	81027
57448	84461
523	8924
4793	55662
3709	8924
5256	8924
8924	9925
817	3709
8924	23310
6041	55662
1891	8239
57679	84461
7337	79598
4649	5597
8924	54881
8924	60493
10600	84461
80311	84461
10146	55662
7337	57509
3872	8924
8924	80311
817	4638
6159	7337
55700	84461
5436	84461
8924	23299
5597	10455
817	8496
8924	10600
1891	6602
322	84461
8924	55218
6231	7337
10455	192669
8924	83733
8924	10142
1891	192669
4650	84461
7415	84461
54822	84461
8666	8924
8826	8924
8924	79751
8924	79002
8924	89941
23524	55662
5261	8924
5439	84461
5433	84461
8924	55243
5438	84461
4072	8924
8924	81027
563	10455
2976	8924
7337	140807
8924	84376
7337	10575
8924	124220
5432	84461
10455	56243
9919	10455
8924	29110
7337	219293
8924	55086
522	8924
8924	9525
7337	10534
8924	127933
6513	8924
6576	7337
55165	84461
6406	8924
84220	84461
3851	10455
7337	8664
1891	7417
1062	84461
8924	11180
5894	8924
7337	9997
7337	345651
8924	84823
5295	8924
7417	8924
8031	55662
817	80821
8924	54982
2778	8924
84461	200576
8924	10989
7337	85236
1891	57402
8924	374454
1891	11160
7337	22992
8030	84461
6430	55662
7337	10432
5597	8550
8924	10147
5597	60493
7337	8604
8924	140710
5297	84461
7337	8550
8924	10726
1891	79169
23089	84461
8924	57448
4430	5597
5597	84790
8665	8924
