index	num_nodes_lcc
real	8
0	1.0
1	2.0
2	2.0
3	1.0
4	3.0
5	3.0
6	2.0
7	2.0
8	2.0
9	1.0
10	1.0
11	2.0
12	2.0
13	3.0
14	2.0
15	2.0
16	1.0
17	2.0
18	2.0
19	2.0
20	1.0
21	3.0
22	3.0
23	2.0
24	4.0
25	2.0
26	1.0
27	1.0
28	2.0
29	2.0
30	2.0
31	2.0
32	2.0
33	2.0
34	3.0
35	1.0
36	1.0
37	3.0
38	2.0
39	2.0
40	3.0
41	1.0
42	2.0
43	2.0
44	2.0
45	1.0
46	1.0
47	2.0
48	1.0
49	2.0
50	2.0
51	2.0
52	1.0
53	2.0
54	3.0
55	2.0
56	1.0
57	2.0
58	3.0
59	1.0
60	1.0
61	2.0
62	2.0
63	3.0
64	1.0
65	3.0
66	2.0
67	2.0
68	2.0
69	3.0
70	1.0
71	1.0
72	3.0
73	1.0
74	2.0
75	3.0
76	2.0
77	1.0
78	2.0
79	1.0
80	2.0
81	2.0
82	1.0
83	2.0
84	1.0
85	3.0
86	1.0
87	2.0
88	2.0
89	3.0
90	1.0
91	2.0
92	2.0
93	1.0
94	2.0
95	1.0
96	2.0
97	1.0
98	2.0
99	2.0
100	2.0
101	2.0
102	2.0
103	2.0
104	3.0
105	2.0
106	2.0
107	1.0
108	1.0
109	2.0
110	2.0
111	2.0
112	2.0
113	1.0
114	2.0
115	3.0
116	1.0
117	2.0
118	3.0
119	2.0
120	2.0
121	1.0
122	2.0
123	1.0
124	2.0
125	2.0
126	1.0
127	2.0
128	3.0
129	1.0
130	2.0
131	2.0
132	2.0
133	2.0
134	2.0
135	1.0
136	2.0
137	2.0
138	2.0
139	2.0
140	3.0
141	2.0
142	3.0
143	2.0
144	2.0
145	1.0
146	2.0
147	2.0
148	2.0
149	1.0
150	2.0
151	1.0
152	2.0
153	2.0
154	1.0
155	2.0
156	2.0
157	2.0
158	1.0
159	2.0
160	2.0
161	1.0
162	2.0
163	2.0
164	3.0
165	1.0
166	1.0
167	2.0
168	1.0
169	2.0
170	1.0
171	1.0
172	2.0
173	1.0
174	2.0
175	3.0
176	2.0
177	2.0
178	1.0
179	3.0
180	2.0
181	1.0
182	1.0
183	2.0
184	2.0
185	3.0
186	2.0
187	2.0
188	1.0
189	1.0
190	1.0
191	2.0
192	1.0
193	2.0
194	3.0
195	1.0
196	1.0
197	2.0
198	1.0
199	2.0
200	1.0
201	2.0
202	2.0
203	2.0
204	3.0
205	2.0
206	3.0
207	1.0
208	1.0
209	3.0
210	2.0
211	2.0
212	1.0
213	1.0
214	1.0
215	2.0
216	2.0
217	1.0
218	2.0
219	2.0
220	1.0
221	2.0
222	1.0
223	1.0
224	2.0
225	2.0
226	2.0
227	2.0
228	2.0
229	2.0
230	1.0
231	1.0
232	2.0
233	2.0
234	3.0
235	2.0
236	2.0
237	2.0
238	2.0
239	2.0
240	2.0
241	2.0
242	1.0
243	2.0
244	2.0
245	2.0
246	2.0
247	2.0
248	2.0
249	1.0
250	2.0
251	1.0
252	1.0
253	3.0
254	2.0
255	2.0
256	2.0
257	3.0
258	3.0
259	3.0
260	1.0
261	2.0
262	2.0
263	1.0
264	2.0
265	1.0
266	2.0
267	2.0
268	1.0
269	2.0
270	1.0
271	2.0
272	2.0
273	2.0
274	2.0
275	2.0
276	2.0
277	3.0
278	1.0
279	3.0
280	2.0
281	2.0
282	1.0
283	2.0
284	1.0
285	2.0
286	1.0
287	3.0
288	1.0
289	2.0
290	2.0
291	2.0
292	1.0
293	3.0
294	2.0
295	2.0
296	2.0
297	1.0
298	2.0
299	2.0
300	2.0
301	2.0
302	1.0
303	3.0
304	1.0
305	2.0
306	1.0
307	1.0
308	2.0
309	2.0
310	2.0
311	1.0
312	3.0
313	2.0
314	4.0
315	3.0
316	2.0
317	2.0
318	2.0
319	3.0
320	2.0
321	2.0
322	1.0
323	2.0
324	2.0
325	2.0
326	2.0
327	1.0
328	2.0
329	2.0
330	1.0
331	2.0
332	2.0
333	2.0
334	2.0
335	2.0
336	2.0
337	1.0
338	2.0
339	2.0
340	2.0
341	2.0
342	2.0
343	2.0
344	2.0
345	2.0
346	1.0
347	2.0
348	2.0
349	1.0
350	3.0
351	1.0
352	1.0
353	2.0
354	2.0
355	2.0
356	2.0
357	2.0
358	1.0
359	2.0
360	2.0
361	1.0
362	2.0
363	2.0
364	2.0
365	2.0
366	2.0
367	2.0
368	1.0
369	1.0
370	1.0
371	3.0
372	2.0
373	2.0
374	1.0
375	3.0
376	2.0
377	2.0
378	2.0
379	1.0
380	2.0
381	3.0
382	2.0
383	3.0
384	2.0
385	2.0
386	2.0
387	2.0
388	1.0
389	1.0
390	2.0
391	3.0
392	1.0
393	2.0
394	1.0
395	1.0
396	2.0
397	2.0
398	1.0
399	1.0
400	1.0
401	1.0
402	2.0
403	2.0
404	2.0
405	1.0
406	4.0
407	1.0
408	3.0
409	1.0
410	1.0
411	1.0
412	2.0
413	2.0
414	1.0
415	1.0
416	4.0
417	2.0
418	2.0
419	2.0
420	2.0
421	1.0
422	2.0
423	1.0
424	3.0
425	2.0
426	1.0
427	4.0
428	2.0
429	2.0
430	2.0
431	3.0
432	2.0
433	2.0
434	1.0
435	2.0
436	2.0
437	2.0
438	1.0
439	2.0
440	3.0
441	2.0
442	1.0
443	1.0
444	1.0
445	2.0
446	2.0
447	2.0
448	2.0
449	3.0
450	1.0
451	3.0
452	2.0
453	2.0
454	2.0
455	2.0
456	2.0
457	1.0
458	2.0
459	2.0
460	2.0
461	2.0
462	2.0
463	2.0
464	2.0
465	3.0
466	1.0
467	2.0
468	2.0
469	2.0
470	2.0
471	4.0
472	2.0
473	1.0
474	2.0
475	2.0
476	2.0
477	1.0
478	2.0
479	1.0
480	2.0
481	2.0
482	3.0
483	2.0
484	3.0
485	2.0
486	2.0
487	2.0
488	1.0
489	2.0
490	1.0
491	2.0
492	3.0
493	3.0
494	2.0
495	1.0
496	2.0
497	2.0
498	1.0
499	2.0
500	2.0
501	1.0
502	2.0
503	2.0
504	2.0
505	1.0
506	2.0
507	2.0
508	2.0
509	2.0
510	2.0
511	2.0
512	1.0
513	2.0
514	2.0
515	2.0
516	1.0
517	2.0
518	2.0
519	2.0
520	2.0
521	2.0
522	2.0
523	1.0
524	1.0
525	1.0
526	2.0
527	1.0
528	2.0
529	1.0
530	2.0
531	2.0
532	1.0
533	2.0
534	2.0
535	1.0
536	1.0
537	1.0
538	1.0
539	2.0
540	2.0
541	2.0
542	1.0
543	1.0
544	1.0
545	3.0
546	1.0
547	2.0
548	3.0
549	2.0
550	2.0
551	2.0
552	2.0
553	3.0
554	2.0
555	2.0
556	2.0
557	1.0
558	2.0
559	2.0
560	1.0
561	2.0
562	3.0
563	2.0
564	1.0
565	2.0
566	3.0
567	3.0
568	1.0
569	1.0
570	2.0
571	1.0
572	2.0
573	2.0
574	2.0
575	2.0
576	2.0
577	1.0
578	3.0
579	3.0
580	2.0
581	2.0
582	1.0
583	2.0
584	2.0
585	2.0
586	2.0
587	2.0
588	2.0
589	2.0
590	2.0
591	2.0
592	2.0
593	1.0
594	2.0
595	1.0
596	3.0
597	3.0
598	2.0
599	2.0
600	2.0
601	2.0
602	1.0
603	2.0
604	2.0
605	2.0
606	3.0
607	2.0
608	2.0
609	2.0
610	2.0
611	3.0
612	2.0
613	2.0
614	2.0
615	2.0
616	2.0
617	2.0
618	2.0
619	2.0
620	2.0
621	2.0
622	4.0
623	2.0
624	2.0
625	1.0
626	2.0
627	1.0
628	2.0
629	2.0
630	1.0
631	2.0
632	3.0
633	2.0
634	2.0
635	1.0
636	2.0
637	1.0
638	2.0
639	2.0
640	2.0
641	2.0
642	2.0
643	2.0
644	1.0
645	1.0
646	3.0
647	2.0
648	2.0
649	2.0
650	3.0
651	1.0
652	2.0
653	2.0
654	2.0
655	2.0
656	1.0
657	2.0
658	1.0
659	1.0
660	2.0
661	1.0
662	3.0
663	2.0
664	2.0
665	2.0
666	2.0
667	2.0
668	2.0
669	2.0
670	2.0
671	3.0
672	2.0
673	1.0
674	2.0
675	3.0
676	1.0
677	2.0
678	2.0
679	1.0
680	2.0
681	2.0
682	2.0
683	1.0
684	2.0
685	2.0
686	2.0
687	1.0
688	2.0
689	2.0
690	2.0
691	2.0
692	4.0
693	2.0
694	2.0
695	3.0
696	2.0
697	2.0
698	1.0
699	2.0
700	1.0
701	3.0
702	2.0
703	2.0
704	3.0
705	2.0
706	3.0
707	1.0
708	2.0
709	2.0
710	1.0
711	2.0
712	2.0
713	2.0
714	3.0
715	2.0
716	1.0
717	2.0
718	2.0
719	2.0
720	1.0
721	2.0
722	2.0
723	1.0
724	2.0
725	1.0
726	2.0
727	2.0
728	1.0
729	2.0
730	1.0
731	3.0
732	2.0
733	1.0
734	2.0
735	2.0
736	1.0
737	2.0
738	1.0
739	2.0
740	2.0
741	2.0
742	2.0
743	1.0
744	2.0
745	3.0
746	2.0
747	3.0
748	2.0
749	1.0
750	2.0
751	2.0
752	1.0
753	2.0
754	1.0
755	2.0
756	1.0
757	2.0
758	2.0
759	3.0
760	1.0
761	1.0
762	2.0
763	1.0
764	1.0
765	2.0
766	2.0
767	1.0
768	2.0
769	2.0
770	2.0
771	1.0
772	2.0
773	1.0
774	2.0
775	3.0
776	2.0
777	3.0
778	1.0
779	2.0
780	1.0
781	2.0
782	1.0
783	1.0
784	2.0
785	2.0
786	1.0
787	2.0
788	2.0
789	1.0
790	2.0
791	1.0
792	2.0
793	3.0
794	1.0
795	2.0
796	3.0
797	1.0
798	2.0
799	2.0
800	1.0
801	2.0
802	2.0
803	2.0
804	1.0
805	2.0
806	2.0
807	2.0
808	1.0
809	2.0
810	1.0
811	2.0
812	2.0
813	2.0
814	2.0
815	2.0
816	2.0
817	2.0
818	2.0
819	1.0
820	2.0
821	2.0
822	2.0
823	2.0
824	1.0
825	1.0
826	2.0
827	2.0
828	2.0
829	1.0
830	2.0
831	1.0
832	3.0
833	1.0
834	2.0
835	1.0
836	2.0
837	1.0
838	1.0
839	1.0
840	2.0
841	2.0
842	3.0
843	3.0
844	2.0
845	2.0
846	2.0
847	2.0
848	1.0
849	1.0
850	2.0
851	2.0
852	2.0
853	2.0
854	2.0
855	2.0
856	2.0
857	2.0
858	2.0
859	1.0
860	2.0
861	2.0
862	2.0
863	1.0
864	2.0
865	2.0
866	1.0
867	2.0
868	2.0
869	2.0
870	2.0
871	2.0
872	1.0
873	2.0
874	2.0
875	4.0
876	3.0
877	2.0
878	1.0
879	1.0
880	1.0
881	2.0
882	2.0
883	2.0
884	2.0
885	3.0
886	2.0
887	1.0
888	2.0
889	2.0
890	2.0
891	1.0
892	2.0
893	3.0
894	3.0
895	2.0
896	1.0
897	2.0
898	2.0
899	2.0
900	1.0
901	1.0
902	2.0
903	1.0
904	3.0
905	2.0
906	1.0
907	1.0
908	2.0
909	2.0
910	2.0
911	2.0
912	1.0
913	2.0
914	2.0
915	2.0
916	2.0
917	1.0
918	3.0
919	1.0
920	1.0
921	2.0
922	2.0
923	2.0
924	1.0
925	1.0
926	2.0
927	2.0
928	2.0
929	2.0
930	2.0
931	1.0
932	2.0
933	3.0
934	2.0
935	2.0
936	2.0
937	4.0
938	2.0
939	2.0
940	2.0
941	2.0
942	3.0
943	3.0
944	1.0
945	1.0
946	2.0
947	2.0
948	2.0
949	1.0
950	3.0
951	2.0
952	3.0
953	2.0
954	2.0
955	3.0
956	4.0
957	1.0
958	2.0
959	1.0
960	2.0
961	2.0
962	2.0
963	1.0
964	2.0
965	2.0
966	2.0
967	2.0
968	1.0
969	2.0
970	2.0
971	2.0
972	1.0
973	1.0
974	1.0
975	2.0
976	2.0
977	2.0
978	1.0
979	2.0
980	2.0
981	2.0
982	2.0
983	1.0
984	1.0
985	3.0
986	1.0
987	2.0
988	2.0
989	2.0
990	2.0
991	2.0
992	3.0
993	2.0
994	1.0
995	1.0
996	2.0
997	2.0
998	2.0
999	1.0
