index	num_nodes_lcc
real	14
0	4.0
1	4.0
2	3.0
3	7.0
4	2.0
5	5.0
6	7.0
7	7.0
8	3.0
9	3.0
10	3.0
11	3.0
12	3.0
13	4.0
14	4.0
15	4.0
16	5.0
17	3.0
18	5.0
19	5.0
20	4.0
21	5.0
22	3.0
23	3.0
24	10.0
25	4.0
26	4.0
27	7.0
28	10.0
29	13.0
30	8.0
31	4.0
32	3.0
33	5.0
34	8.0
35	6.0
36	9.0
37	5.0
38	6.0
39	4.0
40	3.0
41	6.0
42	7.0
43	3.0
44	4.0
45	9.0
46	4.0
47	4.0
48	4.0
49	3.0
50	3.0
51	6.0
52	10.0
53	2.0
54	3.0
55	6.0
56	3.0
57	4.0
58	6.0
59	4.0
60	5.0
61	7.0
62	6.0
63	5.0
64	8.0
65	3.0
66	2.0
67	4.0
68	4.0
69	3.0
70	6.0
71	3.0
72	9.0
73	5.0
74	13.0
75	4.0
76	5.0
77	4.0
78	3.0
79	5.0
80	7.0
81	6.0
82	3.0
83	3.0
84	7.0
85	3.0
86	6.0
87	5.0
88	4.0
89	2.0
90	3.0
91	5.0
92	3.0
93	4.0
94	4.0
95	4.0
96	4.0
97	4.0
98	4.0
99	5.0
100	9.0
101	7.0
102	2.0
103	6.0
104	5.0
105	3.0
106	3.0
107	3.0
108	3.0
109	4.0
110	7.0
111	4.0
112	5.0
113	2.0
114	4.0
115	9.0
116	3.0
117	5.0
118	5.0
119	6.0
120	4.0
121	3.0
122	4.0
123	4.0
124	7.0
125	4.0
126	4.0
127	7.0
128	6.0
129	3.0
130	5.0
131	4.0
132	13.0
133	4.0
134	7.0
135	4.0
136	4.0
137	4.0
138	3.0
139	3.0
140	6.0
141	11.0
142	6.0
143	5.0
144	4.0
145	7.0
146	2.0
147	4.0
148	5.0
149	4.0
150	4.0
151	4.0
152	7.0
153	5.0
154	4.0
155	3.0
156	3.0
157	2.0
158	3.0
159	4.0
160	14.0
161	6.0
162	3.0
163	5.0
164	4.0
165	5.0
166	7.0
167	5.0
168	5.0
169	4.0
170	6.0
171	6.0
172	4.0
173	2.0
174	3.0
175	4.0
176	5.0
177	10.0
178	6.0
179	3.0
180	2.0
181	8.0
182	4.0
183	6.0
184	3.0
185	8.0
186	3.0
187	6.0
188	3.0
189	3.0
190	8.0
191	6.0
192	4.0
193	3.0
194	3.0
195	3.0
196	3.0
197	3.0
198	3.0
199	9.0
200	3.0
201	6.0
202	4.0
203	4.0
204	4.0
205	5.0
206	7.0
207	5.0
208	3.0
209	4.0
210	4.0
211	6.0
212	4.0
213	4.0
214	5.0
215	6.0
216	3.0
217	6.0
218	8.0
219	9.0
220	8.0
221	2.0
222	4.0
223	6.0
224	7.0
225	8.0
226	7.0
227	3.0
228	6.0
229	4.0
230	3.0
231	5.0
232	3.0
233	3.0
234	4.0
235	5.0
236	5.0
237	3.0
238	13.0
239	5.0
240	4.0
241	4.0
242	7.0
243	9.0
244	6.0
245	5.0
246	6.0
247	3.0
248	2.0
249	4.0
250	5.0
251	2.0
252	5.0
253	3.0
254	7.0
255	6.0
256	6.0
257	3.0
258	3.0
259	4.0
260	4.0
261	5.0
262	3.0
263	4.0
264	4.0
265	3.0
266	6.0
267	4.0
268	4.0
269	3.0
270	6.0
271	4.0
272	5.0
273	5.0
274	6.0
275	5.0
276	4.0
277	4.0
278	9.0
279	3.0
280	6.0
281	3.0
282	4.0
283	10.0
284	6.0
285	4.0
286	4.0
287	4.0
288	9.0
289	5.0
290	4.0
291	3.0
292	7.0
293	3.0
294	9.0
295	7.0
296	4.0
297	3.0
298	5.0
299	4.0
300	7.0
301	4.0
302	4.0
303	9.0
304	3.0
305	5.0
306	6.0
307	2.0
308	7.0
309	4.0
310	3.0
311	17.0
312	4.0
313	7.0
314	2.0
315	3.0
316	5.0
317	6.0
318	4.0
319	6.0
320	4.0
321	2.0
322	6.0
323	7.0
324	7.0
325	6.0
326	5.0
327	4.0
328	4.0
329	7.0
330	5.0
331	6.0
332	10.0
333	4.0
334	4.0
335	4.0
336	3.0
337	4.0
338	6.0
339	3.0
340	5.0
341	3.0
342	8.0
343	7.0
344	3.0
345	4.0
346	4.0
347	4.0
348	8.0
349	3.0
350	5.0
351	13.0
352	4.0
353	4.0
354	4.0
355	4.0
356	3.0
357	10.0
358	4.0
359	10.0
360	5.0
361	9.0
362	4.0
363	4.0
364	10.0
365	4.0
366	4.0
367	6.0
368	3.0
369	3.0
370	5.0
371	9.0
372	5.0
373	5.0
374	6.0
375	3.0
376	3.0
377	3.0
378	5.0
379	6.0
380	5.0
381	7.0
382	5.0
383	3.0
384	4.0
385	4.0
386	6.0
387	5.0
388	4.0
389	4.0
390	6.0
391	3.0
392	4.0
393	4.0
394	7.0
395	7.0
396	4.0
397	3.0
398	4.0
399	7.0
400	4.0
401	3.0
402	6.0
403	7.0
404	3.0
405	4.0
406	4.0
407	5.0
408	4.0
409	3.0
410	5.0
411	4.0
412	4.0
413	7.0
414	3.0
415	4.0
416	12.0
417	3.0
418	3.0
419	4.0
420	6.0
421	10.0
422	4.0
423	4.0
424	5.0
425	5.0
426	5.0
427	7.0
428	4.0
429	5.0
430	4.0
431	4.0
432	5.0
433	6.0
434	3.0
435	5.0
436	3.0
437	5.0
438	3.0
439	4.0
440	6.0
441	7.0
442	4.0
443	9.0
444	5.0
445	7.0
446	6.0
447	4.0
448	3.0
449	5.0
450	10.0
451	4.0
452	6.0
453	3.0
454	3.0
455	5.0
456	5.0
457	4.0
458	4.0
459	4.0
460	6.0
461	4.0
462	6.0
463	4.0
464	2.0
465	7.0
466	2.0
467	8.0
468	4.0
469	5.0
470	4.0
471	9.0
472	6.0
473	4.0
474	5.0
475	6.0
476	3.0
477	5.0
478	2.0
479	3.0
480	5.0
481	4.0
482	3.0
483	5.0
484	8.0
485	4.0
486	3.0
487	5.0
488	7.0
489	7.0
490	4.0
491	3.0
492	11.0
493	2.0
494	12.0
495	5.0
496	3.0
497	5.0
498	7.0
499	5.0
500	5.0
501	5.0
502	3.0
503	3.0
504	4.0
505	3.0
506	6.0
507	10.0
508	8.0
509	6.0
510	3.0
511	10.0
512	3.0
513	5.0
514	5.0
515	3.0
516	6.0
517	7.0
518	5.0
519	2.0
520	6.0
521	5.0
522	4.0
523	4.0
524	2.0
525	5.0
526	4.0
527	3.0
528	3.0
529	5.0
530	4.0
531	5.0
532	3.0
533	4.0
534	10.0
535	4.0
536	4.0
537	3.0
538	4.0
539	7.0
540	6.0
541	4.0
542	8.0
543	5.0
544	8.0
545	4.0
546	2.0
547	7.0
548	4.0
549	4.0
550	5.0
551	5.0
552	7.0
553	5.0
554	5.0
555	6.0
556	2.0
557	4.0
558	6.0
559	4.0
560	5.0
561	6.0
562	7.0
563	4.0
564	3.0
565	3.0
566	4.0
567	8.0
568	4.0
569	3.0
570	3.0
571	7.0
572	5.0
573	6.0
574	5.0
575	5.0
576	6.0
577	6.0
578	4.0
579	5.0
580	3.0
581	4.0
582	6.0
583	3.0
584	3.0
585	10.0
586	5.0
587	4.0
588	5.0
589	7.0
590	9.0
591	8.0
592	7.0
593	3.0
594	3.0
595	4.0
596	5.0
597	3.0
598	3.0
599	5.0
600	4.0
601	12.0
602	10.0
603	5.0
604	7.0
605	6.0
606	2.0
607	5.0
608	4.0
609	3.0
610	5.0
611	4.0
612	3.0
613	4.0
614	8.0
615	6.0
616	3.0
617	3.0
618	5.0
619	3.0
620	3.0
621	3.0
622	6.0
623	4.0
624	3.0
625	3.0
626	4.0
627	8.0
628	3.0
629	7.0
630	5.0
631	4.0
632	7.0
633	4.0
634	4.0
635	9.0
636	8.0
637	3.0
638	4.0
639	5.0
640	7.0
641	3.0
642	4.0
643	6.0
644	4.0
645	5.0
646	4.0
647	6.0
648	6.0
649	4.0
650	3.0
651	7.0
652	4.0
653	4.0
654	4.0
655	9.0
656	5.0
657	4.0
658	3.0
659	2.0
660	4.0
661	3.0
662	4.0
663	3.0
664	4.0
665	7.0
666	2.0
667	4.0
668	3.0
669	9.0
670	5.0
671	8.0
672	4.0
673	3.0
674	5.0
675	3.0
676	5.0
677	7.0
678	5.0
679	2.0
680	3.0
681	3.0
682	3.0
683	3.0
684	3.0
685	8.0
686	9.0
687	8.0
688	4.0
689	7.0
690	5.0
691	3.0
692	6.0
693	7.0
694	4.0
695	5.0
696	6.0
697	4.0
698	5.0
699	5.0
700	4.0
701	4.0
702	5.0
703	5.0
704	4.0
705	5.0
706	7.0
707	11.0
708	4.0
709	5.0
710	8.0
711	4.0
712	6.0
713	5.0
714	4.0
715	3.0
716	5.0
717	3.0
718	7.0
719	4.0
720	4.0
721	18.0
722	3.0
723	3.0
724	5.0
725	5.0
726	5.0
727	5.0
728	5.0
729	4.0
730	4.0
731	7.0
732	3.0
733	4.0
734	4.0
735	4.0
736	7.0
737	4.0
738	7.0
739	5.0
740	5.0
741	3.0
742	4.0
743	3.0
744	4.0
745	4.0
746	3.0
747	2.0
748	3.0
749	4.0
750	6.0
751	6.0
752	7.0
753	3.0
754	5.0
755	7.0
756	6.0
757	3.0
758	2.0
759	2.0
760	3.0
761	12.0
762	6.0
763	2.0
764	4.0
765	3.0
766	11.0
767	3.0
768	10.0
769	5.0
770	4.0
771	8.0
772	7.0
773	6.0
774	3.0
775	4.0
776	5.0
777	4.0
778	3.0
779	4.0
780	3.0
781	5.0
782	2.0
783	3.0
784	3.0
785	6.0
786	5.0
787	6.0
788	7.0
789	6.0
790	5.0
791	3.0
792	3.0
793	3.0
794	3.0
795	3.0
796	3.0
797	8.0
798	5.0
799	8.0
800	4.0
801	3.0
802	3.0
803	5.0
804	7.0
805	2.0
806	11.0
807	11.0
808	4.0
809	4.0
810	4.0
811	5.0
812	3.0
813	4.0
814	4.0
815	8.0
816	5.0
817	5.0
818	5.0
819	5.0
820	4.0
821	3.0
822	9.0
823	12.0
824	6.0
825	5.0
826	3.0
827	7.0
828	7.0
829	5.0
830	4.0
831	6.0
832	8.0
833	4.0
834	8.0
835	4.0
836	7.0
837	4.0
838	5.0
839	5.0
840	4.0
841	2.0
842	5.0
843	11.0
844	5.0
845	3.0
846	8.0
847	5.0
848	3.0
849	5.0
850	5.0
851	5.0
852	4.0
853	9.0
854	4.0
855	4.0
856	3.0
857	3.0
858	4.0
859	5.0
860	4.0
861	10.0
862	3.0
863	10.0
864	5.0
865	7.0
866	4.0
867	5.0
868	2.0
869	8.0
870	5.0
871	3.0
872	12.0
873	3.0
874	10.0
875	2.0
876	7.0
877	10.0
878	4.0
879	3.0
880	4.0
881	7.0
882	5.0
883	5.0
884	5.0
885	2.0
886	9.0
887	4.0
888	5.0
889	4.0
890	3.0
891	11.0
892	5.0
893	4.0
894	6.0
895	3.0
896	3.0
897	9.0
898	3.0
899	3.0
900	4.0
901	6.0
902	4.0
903	4.0
904	5.0
905	6.0
906	6.0
907	5.0
908	4.0
909	3.0
910	3.0
911	2.0
912	3.0
913	3.0
914	5.0
915	4.0
916	11.0
917	5.0
918	4.0
919	2.0
920	3.0
921	3.0
922	9.0
923	6.0
924	7.0
925	6.0
926	6.0
927	6.0
928	4.0
929	4.0
930	3.0
931	8.0
932	2.0
933	5.0
934	7.0
935	6.0
936	4.0
937	3.0
938	2.0
939	4.0
940	6.0
941	4.0
942	5.0
943	5.0
944	9.0
945	5.0
946	5.0
947	2.0
948	3.0
949	6.0
950	3.0
951	6.0
952	3.0
953	3.0
954	8.0
955	3.0
956	3.0
957	7.0
958	3.0
959	4.0
960	4.0
961	4.0
962	6.0
963	4.0
964	2.0
965	4.0
966	3.0
967	6.0
968	4.0
969	4.0
970	3.0
971	4.0
972	7.0
973	3.0
974	4.0
975	5.0
976	4.0
977	7.0
978	6.0
979	3.0
980	7.0
981	8.0
982	7.0
983	8.0
984	3.0
985	5.0
986	5.0
987	8.0
988	4.0
989	5.0
990	6.0
991	3.0
992	3.0
993	3.0
994	4.0
995	10.0
996	16.0
997	5.0
998	7.0
999	4.0
