index	num_nodes_lcc
real	74
0	28.0
1	26.0
2	30.0
3	28.0
4	5.0
5	27.0
6	17.0
7	16.0
8	15.0
9	39.0
10	14.0
11	13.0
12	11.0
13	11.0
14	12.0
15	38.0
16	18.0
17	7.0
18	26.0
19	22.0
20	20.0
21	10.0
22	18.0
23	14.0
24	24.0
25	16.0
26	9.0
27	37.0
28	26.0
29	39.0
30	13.0
31	9.0
32	7.0
33	35.0
34	35.0
35	31.0
36	11.0
37	13.0
38	10.0
39	28.0
40	6.0
41	20.0
42	16.0
43	12.0
44	24.0
45	22.0
46	22.0
47	9.0
48	22.0
49	25.0
50	19.0
51	30.0
52	38.0
53	19.0
54	27.0
55	27.0
56	22.0
57	47.0
58	39.0
59	42.0
60	20.0
61	38.0
62	36.0
63	20.0
64	15.0
65	11.0
66	16.0
67	24.0
68	18.0
69	9.0
70	33.0
71	9.0
72	31.0
73	18.0
74	26.0
75	20.0
76	28.0
77	18.0
78	36.0
79	13.0
80	16.0
81	25.0
82	28.0
83	13.0
84	8.0
85	9.0
86	26.0
87	33.0
88	12.0
89	30.0
90	11.0
91	16.0
92	41.0
93	15.0
94	14.0
95	34.0
96	29.0
97	24.0
98	13.0
99	21.0
100	11.0
101	20.0
102	9.0
103	20.0
104	11.0
105	15.0
106	18.0
107	17.0
108	15.0
109	10.0
110	25.0
111	18.0
112	23.0
113	8.0
114	40.0
115	34.0
116	10.0
117	12.0
118	31.0
119	25.0
120	28.0
121	21.0
122	34.0
123	8.0
124	28.0
125	45.0
126	26.0
127	20.0
128	16.0
129	19.0
130	6.0
131	7.0
132	35.0
133	11.0
134	22.0
135	38.0
136	15.0
137	20.0
138	19.0
139	22.0
140	20.0
141	28.0
142	29.0
143	18.0
144	16.0
145	26.0
146	17.0
147	24.0
148	18.0
149	12.0
150	17.0
151	18.0
152	21.0
153	14.0
154	7.0
155	28.0
156	24.0
157	9.0
158	8.0
159	4.0
160	24.0
161	8.0
162	37.0
163	13.0
164	19.0
165	14.0
166	25.0
167	16.0
168	23.0
169	35.0
170	26.0
171	14.0
172	11.0
173	29.0
174	19.0
175	17.0
176	18.0
177	15.0
178	22.0
179	25.0
180	22.0
181	24.0
182	10.0
183	17.0
184	22.0
185	13.0
186	18.0
187	41.0
188	16.0
189	24.0
190	47.0
191	34.0
192	9.0
193	28.0
194	16.0
195	10.0
196	14.0
197	8.0
198	10.0
199	23.0
200	33.0
201	19.0
202	12.0
203	17.0
204	25.0
205	12.0
206	13.0
207	13.0
208	8.0
209	26.0
210	31.0
211	35.0
212	10.0
213	30.0
214	9.0
215	7.0
216	9.0
217	41.0
218	25.0
219	18.0
220	13.0
221	14.0
222	23.0
223	20.0
224	17.0
225	31.0
226	16.0
227	15.0
228	44.0
229	8.0
230	15.0
231	16.0
232	32.0
233	12.0
234	11.0
235	13.0
236	39.0
237	27.0
238	40.0
239	13.0
240	19.0
241	26.0
242	26.0
243	29.0
244	37.0
245	23.0
246	30.0
247	17.0
248	8.0
249	17.0
250	15.0
251	24.0
252	19.0
253	30.0
254	22.0
255	41.0
256	30.0
257	31.0
258	6.0
259	14.0
260	13.0
261	8.0
262	9.0
263	7.0
264	12.0
265	14.0
266	7.0
267	30.0
268	8.0
269	26.0
270	10.0
271	7.0
272	22.0
273	16.0
274	17.0
275	6.0
276	35.0
277	26.0
278	33.0
279	28.0
280	16.0
281	19.0
282	17.0
283	23.0
284	26.0
285	48.0
286	11.0
287	33.0
288	37.0
289	36.0
290	10.0
291	31.0
292	18.0
293	20.0
294	29.0
295	28.0
296	13.0
297	19.0
298	20.0
299	10.0
300	15.0
301	20.0
302	7.0
303	17.0
304	12.0
305	30.0
306	30.0
307	16.0
308	20.0
309	23.0
310	13.0
311	34.0
312	23.0
313	19.0
314	13.0
315	10.0
316	18.0
317	24.0
318	21.0
319	7.0
320	21.0
321	9.0
322	21.0
323	38.0
324	15.0
325	16.0
326	15.0
327	20.0
328	16.0
329	40.0
330	32.0
331	10.0
332	41.0
333	23.0
334	17.0
335	12.0
336	25.0
337	36.0
338	26.0
339	13.0
340	13.0
341	8.0
342	15.0
343	21.0
344	6.0
345	21.0
346	11.0
347	10.0
348	30.0
349	25.0
350	22.0
351	19.0
352	22.0
353	17.0
354	31.0
355	17.0
356	22.0
357	42.0
358	17.0
359	30.0
360	30.0
361	18.0
362	11.0
363	31.0
364	24.0
365	20.0
366	30.0
367	12.0
368	22.0
369	26.0
370	40.0
371	22.0
372	14.0
373	23.0
374	28.0
375	30.0
376	23.0
377	20.0
378	39.0
379	7.0
380	21.0
381	29.0
382	32.0
383	6.0
384	12.0
385	16.0
386	18.0
387	13.0
388	31.0
389	14.0
390	25.0
391	19.0
392	28.0
393	18.0
394	26.0
395	38.0
396	8.0
397	5.0
398	24.0
399	49.0
400	22.0
401	11.0
402	15.0
403	14.0
404	19.0
405	22.0
406	8.0
407	20.0
408	25.0
409	18.0
410	16.0
411	24.0
412	18.0
413	37.0
414	43.0
415	26.0
416	33.0
417	12.0
418	25.0
419	8.0
420	31.0
421	38.0
422	8.0
423	6.0
424	10.0
425	40.0
426	14.0
427	13.0
428	32.0
429	16.0
430	24.0
431	23.0
432	20.0
433	17.0
434	27.0
435	16.0
436	13.0
437	19.0
438	15.0
439	17.0
440	11.0
441	16.0
442	26.0
443	33.0
444	27.0
445	24.0
446	26.0
447	9.0
448	12.0
449	14.0
450	48.0
451	37.0
452	16.0
453	13.0
454	18.0
455	15.0
456	6.0
457	11.0
458	17.0
459	22.0
460	11.0
461	15.0
462	12.0
463	20.0
464	26.0
465	10.0
466	6.0
467	23.0
468	19.0
469	17.0
470	47.0
471	31.0
472	29.0
473	20.0
474	29.0
475	29.0
476	10.0
477	16.0
478	7.0
479	9.0
480	29.0
481	12.0
482	13.0
483	32.0
484	33.0
485	11.0
486	13.0
487	16.0
488	18.0
489	42.0
490	11.0
491	12.0
492	31.0
493	31.0
494	13.0
495	24.0
496	24.0
497	7.0
498	28.0
499	14.0
500	22.0
501	18.0
502	18.0
503	17.0
504	20.0
505	29.0
506	26.0
507	35.0
508	26.0
509	29.0
510	13.0
511	25.0
512	15.0
513	34.0
514	14.0
515	7.0
516	41.0
517	21.0
518	26.0
519	17.0
520	16.0
521	27.0
522	11.0
523	11.0
524	12.0
525	9.0
526	26.0
527	7.0
528	7.0
529	10.0
530	30.0
531	16.0
532	12.0
533	25.0
534	20.0
535	9.0
536	20.0
537	16.0
538	10.0
539	33.0
540	38.0
541	26.0
542	46.0
543	34.0
544	23.0
545	15.0
546	18.0
547	20.0
548	6.0
549	29.0
550	21.0
551	16.0
552	15.0
553	9.0
554	23.0
555	11.0
556	15.0
557	21.0
558	22.0
559	16.0
560	9.0
561	43.0
562	13.0
563	25.0
564	26.0
565	19.0
566	13.0
567	34.0
568	22.0
569	12.0
570	15.0
571	15.0
572	25.0
573	25.0
574	11.0
575	18.0
576	31.0
577	11.0
578	7.0
579	21.0
580	9.0
581	11.0
582	15.0
583	21.0
584	13.0
585	33.0
586	7.0
587	14.0
588	12.0
589	28.0
590	21.0
591	33.0
592	18.0
593	14.0
594	52.0
595	31.0
596	43.0
597	6.0
598	9.0
599	31.0
600	22.0
601	21.0
602	36.0
603	37.0
604	7.0
605	11.0
606	17.0
607	37.0
608	21.0
609	22.0
610	15.0
611	19.0
612	17.0
613	12.0
614	16.0
615	13.0
616	20.0
617	19.0
618	15.0
619	5.0
620	23.0
621	27.0
622	15.0
623	19.0
624	14.0
625	13.0
626	14.0
627	29.0
628	11.0
629	19.0
630	17.0
631	23.0
632	20.0
633	12.0
634	7.0
635	17.0
636	35.0
637	7.0
638	10.0
639	7.0
640	21.0
641	11.0
642	37.0
643	15.0
644	15.0
645	10.0
646	10.0
647	15.0
648	17.0
649	18.0
650	6.0
651	34.0
652	13.0
653	21.0
654	14.0
655	22.0
656	17.0
657	10.0
658	14.0
659	26.0
660	30.0
661	8.0
662	10.0
663	12.0
664	19.0
665	15.0
666	10.0
667	17.0
668	10.0
669	13.0
670	17.0
671	19.0
672	21.0
673	10.0
674	12.0
675	21.0
676	28.0
677	18.0
678	24.0
679	26.0
680	20.0
681	14.0
682	10.0
683	6.0
684	17.0
685	14.0
686	20.0
687	16.0
688	22.0
689	18.0
690	28.0
691	11.0
692	15.0
693	49.0
694	46.0
695	34.0
696	16.0
697	10.0
698	12.0
699	10.0
700	7.0
701	27.0
702	11.0
703	21.0
704	27.0
705	20.0
706	18.0
707	25.0
708	13.0
709	15.0
710	14.0
711	21.0
712	31.0
713	27.0
714	8.0
715	9.0
716	19.0
717	24.0
718	30.0
719	16.0
720	21.0
721	36.0
722	26.0
723	16.0
724	10.0
725	22.0
726	27.0
727	34.0
728	30.0
729	34.0
730	25.0
731	13.0
732	13.0
733	13.0
734	23.0
735	8.0
736	41.0
737	31.0
738	27.0
739	27.0
740	7.0
741	32.0
742	13.0
743	9.0
744	16.0
745	18.0
746	17.0
747	19.0
748	34.0
749	32.0
750	16.0
751	31.0
752	23.0
753	8.0
754	20.0
755	33.0
756	32.0
757	12.0
758	15.0
759	11.0
760	7.0
761	35.0
762	18.0
763	10.0
764	34.0
765	14.0
766	33.0
767	8.0
768	29.0
769	18.0
770	32.0
771	29.0
772	40.0
773	43.0
774	28.0
775	5.0
776	12.0
777	12.0
778	21.0
779	23.0
780	6.0
781	32.0
782	13.0
783	11.0
784	9.0
785	12.0
786	13.0
787	23.0
788	27.0
789	26.0
790	36.0
791	36.0
792	14.0
793	16.0
794	22.0
795	39.0
796	13.0
797	13.0
798	16.0
799	27.0
800	13.0
801	18.0
802	17.0
803	39.0
804	20.0
805	13.0
806	31.0
807	39.0
808	15.0
809	4.0
810	18.0
811	13.0
812	7.0
813	7.0
814	20.0
815	28.0
816	20.0
817	16.0
818	35.0
819	13.0
820	9.0
821	16.0
822	20.0
823	34.0
824	30.0
825	18.0
826	14.0
827	13.0
828	10.0
829	28.0
830	10.0
831	19.0
832	43.0
833	6.0
834	26.0
835	24.0
836	23.0
837	6.0
838	12.0
839	15.0
840	15.0
841	8.0
842	17.0
843	13.0
844	17.0
845	13.0
846	17.0
847	32.0
848	26.0
849	23.0
850	32.0
851	9.0
852	18.0
853	27.0
854	8.0
855	11.0
856	14.0
857	10.0
858	13.0
859	34.0
860	24.0
861	30.0
862	16.0
863	39.0
864	15.0
865	33.0
866	34.0
867	15.0
868	23.0
869	31.0
870	22.0
871	16.0
872	28.0
873	14.0
874	33.0
875	9.0
876	11.0
877	11.0
878	9.0
879	34.0
880	14.0
881	16.0
882	45.0
883	15.0
884	31.0
885	13.0
886	46.0
887	21.0
888	15.0
889	22.0
890	30.0
891	40.0
892	24.0
893	12.0
894	11.0
895	9.0
896	16.0
897	26.0
898	16.0
899	32.0
900	16.0
901	14.0
902	10.0
903	31.0
904	23.0
905	8.0
906	18.0
907	12.0
908	35.0
909	10.0
910	24.0
911	16.0
912	28.0
913	15.0
914	23.0
915	38.0
916	32.0
917	18.0
918	15.0
919	32.0
920	6.0
921	26.0
922	35.0
923	31.0
924	32.0
925	35.0
926	13.0
927	26.0
928	19.0
929	28.0
930	11.0
931	26.0
932	10.0
933	10.0
934	14.0
935	35.0
936	25.0
937	14.0
938	21.0
939	17.0
940	32.0
941	17.0
942	18.0
943	35.0
944	30.0
945	17.0
946	13.0
947	7.0
948	7.0
949	9.0
950	7.0
951	28.0
952	31.0
953	9.0
954	21.0
955	14.0
956	13.0
957	33.0
958	8.0
959	15.0
960	16.0
961	14.0
962	27.0
963	19.0
964	44.0
965	9.0
966	15.0
967	21.0
968	12.0
969	16.0
970	18.0
971	12.0
972	9.0
973	25.0
974	12.0
975	24.0
976	17.0
977	30.0
978	36.0
979	13.0
980	41.0
981	12.0
982	21.0
983	42.0
984	10.0
985	10.0
986	37.0
987	30.0
988	14.0
989	13.0
990	8.0
991	15.0
992	23.0
993	24.0
994	9.0
995	16.0
996	32.0
997	31.0
998	23.0
999	14.0
